Date,Close,High,Low,Open,Volume,Daily Return,Volatility_30d,MA50,MA200,Month,SMA21,SMA50,Prev_Fast,Prev_Slow,Signal
2021-01-04,10.800000190734863,11.25,10.5,11.125,150500,,,,,Jan,,,,,0
2021-01-05,11.109999656677246,11.829999923706055,10.75,10.850000381469727,165300,0.02870365374699957,,,,Jan,,,,,0
2021-01-06,11.050000190734863,11.5,11.0,11.5,175600,-0.005400492150899661,,,,Jan,,,,,0
2021-01-07,11.109999656677246,11.5,11.050000190734863,11.5,94200,0.005429815828663198,,,,Jan,,,,,0
2021-01-08,11.010000228881836,12.350000381469727,11.0,11.649999618530273,137500,-0.009000848864591071,,,,Jan,,,,,0
2021-01-11,11.170000076293945,11.800000190734863,10.800000190734863,11.800000190734863,162600,0.014532229253946038,,,,Jan,,,,,0
2021-01-12,11.180000305175781,11.800000190734863,11.069999694824219,11.800000190734863,210700,0.0008952756323663547,,,,Jan,,,,,0
2021-01-13,11.199999809265137,11.369999885559082,10.970000267028809,11.34000015258789,386100,0.0017888643598780174,,,,Jan,,,,,0
2021-01-14,11.4399995803833,11.699999809265137,11.225000381469727,11.3100004196167,291000,0.02142855135761934,,,,Jan,,,,,0
2021-01-15,11.220000267028809,11.789999961853027,11.109999656677246,11.569999694824219,269600,-0.019230709914687005,,,,Jan,,,,,0
2021-01-19,11.319999694824219,11.479999542236328,11.09000015258789,11.399999618530273,573900,0.00891260476073863,,,,Jan,,,,,0
2021-01-20,11.319999694824219,11.449999809265137,11.25,11.329999923706055,434000,0.0,,,,Jan,,,,,0
2021-01-21,11.5,11.720000267028809,11.239999771118164,11.390000343322754,401600,0.015901087458339846,,,,Jan,,,,,0
2021-01-22,12.0,12.199999809265137,11.5,11.550000190734863,503900,0.04347826086956519,,,,Jan,,,,,0
2021-01-25,12.09000015258789,12.579999923706055,11.800000190734863,12.5,621100,0.007500012715657478,,,,Jan,,,,,0
2021-01-26,11.90999984741211,12.449999809265137,11.829999923706055,12.380000114440918,695000,-0.014888362523076681,,,,Jan,,,,,0
2021-01-27,11.449999809265137,11.680000305175781,11.260000228881836,11.520000457763672,919500,-0.0386230095751785,,,,Jan,,,,,0
2021-01-28,11.369999885559082,11.680000305175781,11.350000381469727,11.5,183400,-0.006986893016480256,,,,Jan,,,,,0
2021-01-29,11.350000381469727,11.449999809265137,11.100000381469727,11.420000076293945,230900,-0.001758971353619465,,,,Jan,,,,,0
2021-02-01,11.550000190734863,11.680000305175781,11.399999618530273,11.449999809265137,244800,0.01762112797737525,,,,Feb,,,,,0
2021-02-02,11.899999618530273,12.119999885559082,11.720000267028809,11.770000457763672,159600,0.030302980261088797,,,,Feb,11.383333297002883,,,,0
2021-02-03,12.0,12.210000038146973,11.960000038146973,11.979999542236328,164600,0.008403393670198822,,,,Feb,11.440476145063128,,11.383333297002883,,0
2021-02-04,11.989999771118164,12.210000038146973,11.930000305175781,12.149999618530273,142000,-0.0008333524068196985,,,,Feb,11.482380912417458,,11.440476145063128,,0
2021-02-05,11.760000228881836,12.199999809265137,11.739999771118164,12.199999809265137,162400,-0.019182614397571296,,,,Feb,11.516190438043504,,11.482380912417458,,0
2021-02-08,11.779999732971191,11.979999542236328,11.579999923706055,11.979999542236328,527500,0.0017006380697373036,,,,Feb,11.54809520358131,,11.516190438043504,,0
2021-02-09,11.989999771118164,11.989999771118164,11.5600004196167,11.770000457763672,240500,0.01782682876971564,,,,Feb,11.594761848449707,,11.54809520358131,,0
2021-02-10,11.880000114440918,11.90999984741211,11.649999618530273,11.859999656677246,151300,-0.009174283467645816,,,,Feb,11.628571374075753,,11.594761848449707,,0
2021-02-11,11.770000457763672,11.9399995803833,11.5600004196167,11.880000114440918,83200,-0.009259230270842744,,,,Feb,11.65666661943708,,11.628571374075753,,0
2021-02-12,11.800000190734863,11.800000190734863,11.609999656677246,11.649999618530273,117200,0.002548830229773147,,,,Feb,11.685238066173735,,11.65666661943708,,0
2021-02-16,11.699999809265137,11.890000343322754,11.609999656677246,11.800000190734863,265500,-0.008474608462146094,,,,Feb,11.697619029453822,,11.685238066173735,,0
2021-02-17,11.8100004196167,11.850000381469727,11.670000076293945,11.850000381469727,177400,0.009401761721778312,0.2650665991880272,,,Feb,11.72571427481515,,11.697619029453822,,0
2021-02-18,12.239999771118164,12.460000038146973,12.109999656677246,12.270000457763672,460300,0.036409765979959374,0.2723704023454094,,,Feb,11.76952380225772,,11.72571427481515,,0
2021-02-19,12.710000038146973,13.1899995803833,12.369999885559082,12.369999885559082,424300,0.038398715344573287,0.2891704875087052,,,Feb,11.835714294796897,,11.76952380225772,,0
2021-02-22,12.75,13.289999961853027,12.557999610900879,12.65999984741211,506900,0.0031471252346950696,0.2892054059946529,,,Feb,11.895238104320708,,11.835714294796897,,0
2021-02-23,12.140000343322754,12.319999694824219,11.399999618530273,12.25,379700,-0.047843110327627114,0.3249645773057731,,,Feb,11.901904787336077,,11.895238104320708,,0
2021-02-24,14.4399995803833,15.390000343322754,13.609999656677246,14.050000190734863,7375300,0.18945627446588942,0.6295033514068561,,,Feb,12.013809521993002,,11.901904787336077,,0
2021-02-25,13.119999885559082,14.5600004196167,13.032999992370605,14.0,2067400,-0.09141272390460697,0.6937759504895111,,,Feb,12.071428571428571,,12.013809521993002,,0
2021-02-26,14.470000267028809,14.800000190734863,12.600000381469727,13.34000015258789,1714800,0.1028963714363782,0.7479385612515224,,,Feb,12.215238117036366,,12.071428571428571,,0
2021-03-01,14.600000381469727,14.84000015258789,13.699999809265137,14.609999656677246,959500,0.00898411278796818,0.747095921522128,,,Mar,12.369047664460682,,12.215238117036366,,0
2021-03-02,12.859999656677246,14.75,12.859999656677246,14.5,830100,-0.1191781287212077,0.8315068188610244,,,Mar,12.440952391851516,,12.369047664460682,,0
2021-03-03,11.869999885559082,13.149999618530273,11.729999542236328,13.0,1067100,-0.07698287694775563,0.865329988168312,,,Mar,12.45619047255743,,12.440952391851516,,0
2021-03-04,11.970000267028809,12.149999618530273,10.859999656677246,11.949999809265137,1296400,0.008424632050029413,0.8654224176044927,,,Mar,12.459523836771647,,12.45619047255743,,0
2021-03-05,12.699999809265137,12.800000190734863,11.520000457763672,12.050000190734863,959800,0.0609857582248432,0.8808715785929813,,,Mar,12.492857161022368,,12.459523836771647,,0
2021-03-08,10.899999618530273,12.289999961853027,10.760000228881836,12.149999618530273,5674000,-0.14173230061166564,0.9692581970499344,,,Mar,12.440952391851516,,12.492857161022368,,0
2021-03-09,11.3100004196167,11.5,10.90999984741211,11.319999694824219,2175400,0.03761475370966205,0.9755731867529281,,,Mar,12.419523829505557,,12.440952391851516,,0
2021-03-10,11.079999923706055,11.880000114440918,10.800000190734863,11.699999809265137,2130500,-0.02033602894582731,0.976403290508813,,,Mar,12.386190505254836,,12.419523829505557,,0
2021-03-11,11.199999809265137,11.359999656677246,11.0,11.199999809265137,1644300,0.010830314655719375,0.9701635805572395,,,Mar,12.34857145945231,,12.386190505254836,,0
2021-03-12,11.510000228881836,11.600000381469727,11.050000190734863,11.069999694824219,1135900,0.02767860936571198,0.9728636655432797,,,Mar,12.33095241728283,,12.34857145945231,,0
2021-03-15,11.529999732971191,11.930000305175781,11.199999809265137,11.920000076293945,1467500,0.0017375763415861112,0.9727923171501595,,,Mar,12.319523811340332,,12.33095241728283,,0
2021-03-16,11.020000457763672,11.579999923706055,10.960000038146973,11.380000114440918,1387300,-0.04423237528350721,0.9808296080655469,11.838999996185303,,Mar,12.282380966913133,11.838999996185303,12.319523811340332,,0
2021-03-17,11.0,11.220000267028809,10.899999618530273,10.9399995803833,1278700,-0.0018149234966302608,0.9766923409684631,11.842999992370606,,Mar,12.249047642662411,11.842999992370606,12.282380966913133,11.838999996185303,0
2021-03-18,10.8100004196167,11.149999618530273,10.779999732971191,10.949999809265137,873200,-0.017272689125754637,0.9774245258813176,11.837000007629394,,Mar,12.201428595043364,11.837000007629394,12.249047642662411,11.842999992370606,0
2021-03-19,11.050000190734863,11.050000190734863,10.75,10.770000457763672,475200,0.022201643089915235,0.9798700243194719,11.837000007629394,,Mar,12.144761948358445,11.837000007629394,12.201428595043364,11.837000007629394,0
2021-03-22,10.9399995803833,11.25,10.859999656677246,11.25,564300,-0.009954806194826582,0.9787372727510387,11.833600006103516,,Mar,12.06047621227446,11.833600006103516,12.144761948358445,11.837000007629394,0
2021-03-23,10.630000114440918,10.960000038146973,10.5,10.890000343322754,732200,-0.02833633252584833,0.98199507470048,11.826000003814697,,Mar,11.959523836771647,11.826000003814697,12.06047621227446,11.833600006103516,0
2021-03-24,10.520000457763672,10.779999732971191,10.5,10.649999618530273,972300,-0.010348039086830352,0.9805502010648337,11.813000011444093,,Mar,11.882380985078358,11.813000011444093,11.959523836771647,11.826000003814697,0
2021-03-25,10.5600004196167,10.619999885559082,10.180000305175781,10.5,1178200,0.0038022775772321715,0.9805063773769515,11.800600013732911,,Mar,11.697619120279947,11.800600013732911,11.882380985078358,11.813000011444093,-1
2021-03-26,10.520000457763672,10.729999542236328,10.329999923706055,10.510000228881836,647300,-0.003787875024959475,0.9802868854612118,11.78700002670288,,Mar,11.573809623718262,11.78700002670288,11.697619120279947,11.800600013732911,0
2021-03-29,10.729999542236328,10.789999961853027,10.460000038146973,10.569999694824219,317300,0.019961889290383006,0.982271661035659,11.772800025939942,,Mar,11.395714351109095,11.772800025939942,11.573809623718262,11.78700002670288,0
2021-03-30,10.5,10.6899995803833,10.3100004196167,10.640000343322754,447100,-0.021435186584210397,0.9838083400555293,11.758400020599366,,Mar,11.200476237705775,11.758400020599366,11.395714351109095,11.772800025939942,0
2021-03-31,10.770000457763672,10.770000457763672,10.40999984741211,10.520000457763672,398700,0.025714329310825956,0.98654845537938,11.747400035858155,,Mar,11.10095246632894,11.747400035858155,11.200476237705775,11.758400020599366,0
2021-04-01,10.569999694824219,10.9399995803833,10.449999809265137,10.869999885559082,481200,-0.018570172185580547,0.9811825542435398,11.732400035858154,,Apr,11.039047695341564,11.732400035858154,11.10095246632894,11.747400035858155,0
2021-04-05,10.6899995803833,10.789999961853027,10.600000381469727,10.770000457763672,362000,0.011352875025894438,0.9743626937692856,11.71620002746582,,Apr,10.978095281691779,11.71620002746582,11.039047695341564,11.732400035858154,0
2021-04-06,10.779999732971191,10.779999732971191,10.550000190734863,10.5600004196167,370700,0.008419097859746039,0.9748159990683508,11.691800022125244,,Apr,10.886666706630162,11.691800022125244,10.978095281691779,11.71620002746582,0
2021-04-07,10.6899995803833,10.960000038146973,10.619999885559082,10.779999732971191,435700,-0.008348808424606946,0.9659809771216729,11.663800010681152,,Apr,10.876666704813639,11.663800010681152,10.886666706630162,11.691800022125244,0
2021-04-08,11.0,11.039999961853027,10.729999542236328,10.789999961853027,648400,0.02899910493781177,0.7837195572978108,11.64560001373291,,Apr,10.861904780069986,11.64560001373291,10.876666704813639,11.663800010681152,0
2021-04-09,11.029999732971191,11.08899974822998,10.920000076293945,10.970000267028809,299700,0.0027272484519265117,0.7428794162431139,11.637200012207032,,Apr,10.859523818606423,11.637200012207032,10.861904780069986,11.64560001373291,0
2021-04-12,10.84000015258789,11.020000457763672,10.779999732971191,11.0,450000,-0.01722571033391307,0.669718811139718,11.626600017547608,,Apr,10.842380977812267,11.626600017547608,10.859523818606423,11.637200012207032,0
2021-04-13,10.75,10.899999618530273,10.699999809265137,10.75,465500,-0.008302596985333421,0.667629684603338,11.614600009918213,,Apr,10.806190490722656,11.614600009918213,10.842380977812267,11.626600017547608,0
2021-04-14,10.59000015258789,10.788999557495117,10.479999542236328,10.699999809265137,435900,-0.014883706736010138,0.5812413712301572,11.595400009155274,,Apr,10.761428605942498,11.595400009155274,10.806190490722656,11.614600009918213,0
2021-04-15,10.539999961853027,10.630000114440918,10.449999809265137,10.489999771118164,299300,-0.00472145325915263,0.5406214642536354,11.568200016021729,,Apr,10.738571439470563,11.568200016021729,10.761428605942498,11.595400009155274,0
2021-04-16,10.369999885559082,10.579999923706055,10.25,10.5,545500,-0.016129039554954372,0.5406535149101844,11.53560001373291,,Apr,10.708571434020996,11.53560001373291,10.738571439470563,11.568200016021729,0
2021-04-19,10.25,10.489999771118164,10.229999542236328,10.420000076293945,694700,-0.011571830943430395,0.5043357428059758,11.500800018310548,,Apr,10.681904747372581,11.500800018310548,10.708571434020996,11.53560001373291,0
2021-04-20,10.300000190734863,10.366999626159668,10.119999885559082,10.25,526300,0.004878067388767171,0.3009830234339498,11.471600017547608,,Apr,10.646190461658296,11.471600017547608,10.681904747372581,11.500800018310548,0
2021-04-21,10.479999542236328,10.479999542236328,10.170000076293945,10.199999809265137,249200,0.01747566487070351,0.2832547418285198,11.44560001373291,,Apr,10.624285697937012,11.44560001373291,10.646190461658296,11.471600017547608,0
2021-04-22,10.390000343322754,10.609999656677246,10.130000114440918,10.380000114440918,479200,-0.008587710195106513,0.27879572043857265,11.413600025177002,,Apr,10.612857137407575,11.413600025177002,10.624285697937012,11.44560001373291,0
2021-04-23,10.489999771118164,10.5,10.300000190734863,10.319999694824219,156100,0.009624583685377441,0.27833538697758337,11.385800018310547,,Apr,10.611428533281599,11.385800018310547,10.612857137407575,11.413600025177002,0
2021-04-26,10.539999961853027,10.550000190734863,10.479999542236328,10.5,230900,0.004766462519143921,0.2646691333891264,11.361200008392334,,Apr,10.610476130530948,11.361200008392334,10.611428533281599,11.385800018310547,0
2021-04-27,10.5,10.595000267028809,10.289999961853027,10.5,214600,-0.003795062808140126,0.2643312547773318,11.335200004577636,,Apr,10.609523727780296,11.335200004577636,10.610476130530948,11.361200008392334,0
2021-04-28,10.600000381469727,10.630000114440918,10.420000076293945,10.420000076293945,181100,0.009523845854259694,0.23580655889504099,11.313200016021728,,Apr,10.603333291553316,11.313200016021728,10.609523727780296,11.335200004577636,0
2021-04-29,10.65999984741211,10.65999984741211,10.5,10.5,322700,0.005660326771994351,0.2366276998964664,11.290200004577637,,Apr,10.610952331906272,11.290200004577637,10.603333291553316,11.313200016021728,0
2021-04-30,10.779999732971191,10.800000190734863,10.630000114440918,10.649999618530273,275900,0.01125702507286741,0.2339466116470928,11.261000003814697,,Apr,10.611428487868537,11.261000003814697,10.610952331906272,11.290200004577637,0
2021-05-03,10.8100004196167,10.850000381469727,10.65999984741211,10.850000381469727,266500,0.00278299511954061,0.22452164625801166,11.223000011444093,,May,10.622857093811035,11.223000011444093,10.611428487868537,11.261000003814697,0
2021-05-04,10.630000114440918,10.779999732971191,10.5,10.779999732971191,145300,-0.016651276428180206,0.22775266838350286,11.18060001373291,,May,10.619999976385207,11.18060001373291,10.622857093811035,11.223000011444093,0
2021-05-05,10.399999618530273,10.680000305175781,10.350000381469727,10.630000114440918,154700,-0.021636923182925205,0.22147006471002903,11.145799999237061,,May,10.601904732840401,11.145799999237061,10.619999976385207,11.18060001373291,0
2021-05-06,10.260000228881836,10.369999885559082,10.25,10.34000015258789,200000,-0.01346148026765237,0.22283622489855462,11.06220001220703,,May,10.581428573245095,11.06220001220703,10.601904732840401,11.145799999237061,0
2021-05-07,10.210000038146973,10.34000015258789,9.989999771118164,10.279999732971191,407500,-0.004873312828406529,0.22271851460890021,11.00400001525879,,May,10.54380952744257,11.00400001525879,10.581428573245095,11.06220001220703,0
2021-05-10,10.140000343322754,10.289999961853027,10.109999656677246,10.199999809265137,224500,-0.00685599359086031,0.223225833630921,10.917400016784669,,May,10.501428604125977,10.917400016784669,10.54380952744257,11.00400001525879,0
2021-05-11,10.020000457763672,10.09000015258789,9.920000076293945,10.0,885300,-0.01183430783985151,0.2160248591999221,10.825800018310547,,May,10.462380999610538,10.825800018310547,10.501428604125977,10.917400016784669,0
2021-05-12,10.020000457763672,10.100000381469727,9.9399995803833,9.949999809265137,753700,0.0,0.20822323490266784,10.769000034332276,,May,10.427619116646904,10.769000034332276,10.462380999610538,10.825800018310547,0
2021-05-13,10.079999923706055,10.149999618530273,10.0,10.0,247700,0.005987970379371932,0.19314260654271165,10.733200035095216,,May,10.403333391462054,10.733200035095216,10.427619116646904,10.769000034332276,0
2021-05-14,10.050000190734863,10.140000343322754,10.010000228881836,10.109999656677246,160000,-0.002976164007763349,0.186794187569536,10.694800033569337,,May,10.380000069027854,10.694800033569337,10.403333391462054,10.733200035095216,0
2021-05-17,10.0,10.020000457763672,9.960000038146973,10.0,674400,-0.004975143262281545,0.1828992224627918,10.640800037384032,,May,10.362381026858376,10.640800037384032,10.380000069027854,10.694800033569337,0
2021-05-18,9.949999809265137,10.029999732971191,9.9399995803833,10.029999732971191,352700,-0.00500001907348635,0.1802722682248147,10.62180004119873,,May,10.348095303490048,10.62180004119873,10.362381026858376,10.640800037384032,0
2021-05-19,9.90999984741211,9.949999809265137,9.880000114440918,9.949999809265137,437700,-0.004020096745708579,0.17950870172249078,10.59380002975464,,May,10.329523858569917,10.59380002975464,10.348095303490048,10.62180004119873,0
2021-05-20,9.9399995803833,9.989999771118164,9.899999618530273,9.930000305175781,1701000,0.0030272183080835013,0.1539136649546089,10.571000022888184,,May,10.303809574672155,10.571000022888184,10.329523858569917,10.59380002975464,0
2021-05-21,10.0,10.020000457763672,9.960000038146973,9.989999771118164,907700,0.006036259773603003,0.1553368106449359,10.54700002670288,,May,10.285238129752022,10.54700002670288,10.303809574672155,10.571000022888184,0
2021-05-24,10.0,10.020000457763672,9.970000267028809,10.020000457763672,163000,0.0,0.1497595709535321,10.516800022125244,,May,10.261904807317825,10.516800022125244,10.285238129752022,10.54700002670288,0
2021-05-25,9.970000267028809,10.029999732971191,9.970000267028809,10.0,345100,-0.002999973297119096,0.1488033867101232,10.485600032806396,,May,10.234761964707147,10.485600032806396,10.261904807317825,10.516800022125244,0
2021-05-26,10.0,10.029999732971191,9.949999809265137,9.989999771118164,328400,0.003009000217422342,0.144810130501854,10.465200023651123,,May,10.210952440897623,10.465200023651123,10.234761964707147,10.485600032806396,0
2021-05-27,9.930000305175781,10.039999961853027,9.920000076293945,10.0,63300,-0.006999969482421875,0.14534975324035085,10.44380002975464,,May,10.179047675359817,10.44380002975464,10.210952440897623,10.465200023651123,0
2021-05-28,9.979999542236328,10.029999732971191,9.960000038146973,9.960000038146973,265600,0.005035169740577494,0.1402562285309459,10.427200012207031,,May,10.146666708446684,10.427200012207031,10.179047675359817,10.44380002975464,0
2021-06-01,9.979999542236328,10.020000457763672,9.960000038146973,10.0,344600,0.0,0.13681601465440624,10.405799999237061,,Jun,10.108571461268834,10.405799999237061,10.146666708446684,10.427200012207031,0
2021-06-02,10.0,10.020000457763672,9.979999542236328,9.979999542236328,185100,0.0020040539760575182,0.13602105207707776,10.387000007629394,,Jun,10.070000012715658,10.387000007629394,10.108571461268834,10.405799999237061,0
2021-06-03,10.050000190734863,10.109999656677246,9.979999542236328,10.029999732971191,177000,0.005000019073486239,0.12575478699605558,10.375400009155273,,Jun,10.042380968729654,10.375400009155273,10.070000012715658,10.387000007629394,0
2021-06-04,10.100000381469727,10.109999656677246,10.069999694824219,10.100000381469727,184400,0.004975143262281545,0.12512788454617982,10.367000007629395,,Jun,10.028095290774392,10.367000007629395,10.042380968729654,10.375400009155273,0
2021-06-07,10.239999771118164,10.289999961853027,10.125,10.210000038146973,464900,0.013861325184233886,0.12877758374097692,10.360599994659424,,Jun,10.02714288802374,10.360599994659424,10.028095290774392,10.367000007629395,0
2021-06-08,10.4399995803833,10.489999771118164,10.229999542236328,10.34000015258789,939900,0.01953123181010552,0.14084022829098317,10.358999977111816,,Jun,10.03809524717785,10.358999977111816,10.02714288802374,10.360599994659424,0
2021-06-09,10.600000381469727,10.890000343322754,10.489999771118164,10.630000114440918,1145400,0.015325747846490989,0.14744099039037395,10.356399993896485,,Jun,10.060000010899135,10.356399993896485,10.03809524717785,10.358999977111816,0
2021-06-10,10.550000190734863,10.84000015258789,10.510000228881836,10.600000381469727,626100,-0.004716998956176499,0.1455122276565054,10.357399997711182,,Jun,10.085238093421573,10.357399997711182,10.060000010899135,10.356399993896485,0
2021-06-11,10.569999694824219,10.885000228881836,10.539999961853027,10.760000228881836,338100,0.0018956875571356502,0.14461974021088872,10.353399982452393,,Jun,10.111428533281599,10.353399982452393,10.085238093421573,10.357399997711182,0
2021-06-14,10.520000457763672,10.770000457763672,10.5,10.670000076293945,193500,-0.004730296925649857,0.1409494793738915,10.352399997711181,,Jun,10.132380939665294,10.352399997711181,10.111428533281599,10.353399982452393,0
2021-06-15,10.449999809265137,10.600000381469727,10.430000305175781,10.550000190734863,98100,-0.006654053750242528,0.14153177019451046,10.347600002288818,,Jun,10.15142854054769,10.347600002288818,10.132380939665294,10.352399997711181,0
2021-06-16,10.430000305175781,10.449999809265137,10.260000228881836,10.40999984741211,164500,-0.0019138281774535582,0.1336786286033663,10.34060001373291,,Jun,10.17190474555606,10.34060001373291,10.15142854054769,10.347600002288818,0
2021-06-17,10.3100004196167,10.460000038146973,10.270000457763672,10.4399995803833,182900,-0.011505261941318734,0.1225879098580532,10.333000030517578,,Jun,10.189047631763277,10.333000030517578,10.17190474555606,10.34060001373291,0
2021-06-18,10.289999961853027,10.319999694824219,10.239999771118164,10.239999771118164,112700,-0.0019399085305192854,0.11618790886796392,10.31880002975464,,Jun,10.207142875308083,10.31880002975464,10.189047631763277,10.333000030517578,0
2021-06-21,10.15999984741211,10.350000381469727,10.140000343322754,10.34000015258789,195700,-0.012633636046924468,0.12115842486956545,10.301400032043457,,Jun,10.217619078499931,10.301400032043457,10.207142875308083,10.31880002975464,0
2021-06-22,10.100000381469727,10.15999984741211,10.0,10.15999984741211,554000,-0.00590545933498865,0.12073083443881863,10.286600036621094,,Jun,10.22238100142706,10.286600036621094,10.217619078499931,10.301400032043457,0
2021-06-23,10.109999656677246,10.130000114440918,10.079999923706055,10.109999656677246,124200,0.0009900272108767094,0.11551178337043516,10.27380002975464,,Jun,10.227619080316453,10.27380002975464,10.22238100142706,10.286600036621094,0
2021-06-24,10.300000190734863,10.3100004196167,10.154999732971191,10.15999984741211,700500,0.018793327449039943,0.12729519978532938,10.268000030517578,,Jun,10.243333362397694,10.268000030517578,10.227619080316453,10.27380002975464,0
2021-06-25,10.390000343322754,10.4399995803833,10.260000228881836,10.260000228881836,348100,0.008737878730220583,0.1284848577974421,10.265000038146972,,Jun,10.261904807317825,10.265000038146972,10.243333362397694,10.268000030517578,0
2021-06-28,10.489999771118164,10.800000190734863,10.449999809265137,10.539999961853027,551200,0.009624583685377441,0.13023907866715714,10.267400035858154,,Jun,10.288571448553176,10.267400035858154,10.261904807317825,10.265000038146972,1
2021-06-29,10.550000190734863,10.579999923706055,10.3100004196167,10.489999771118164,285900,0.0057197732055149775,0.12933134125874,10.273400039672852,,Jun,10.315714336576915,10.273400039672852,10.288571448553176,10.267400035858154,0
2021-06-30,10.6899995803833,10.800000190734863,10.350000381469727,10.800000190734863,440200,0.013270084086954403,0.13177839243113237,10.28120002746582,,Jun,10.349523862202963,10.28120002746582,10.315714336576915,10.273400039672852,0
2021-07-01,10.699999809265137,10.710000038146973,10.612000465393066,10.640000343322754,247300,0.0009354751425985075,0.13044752438453705,10.285600032806396,,Jul,10.382857186453682,10.285600032806396,10.349523862202963,10.28120002746582,0
2021-07-02,10.479999542236328,10.729999542236328,10.454999923706055,10.699999809265137,147100,-0.020560772986024767,0.14666975951608552,10.287400016784668,,Jul,10.40333334604899,10.287400016784668,10.382857186453682,10.285600032806396,0
2021-07-06,10.529999732971191,10.649999618530273,10.329999923706055,10.529999732971191,356100,0.004771010774700324,0.14639825509005125,10.288200016021728,,Jul,10.423809505644298,10.288200016021728,10.40333334604899,10.287400016784668,0
2021-07-07,10.4399995803833,10.649999618530273,10.390000343322754,10.600000381469727,274500,-0.008547023254529162,0.14935898530722233,10.286200008392335,,Jul,10.433333306085496,10.286200008392335,10.423809505644298,10.288200016021728,0
2021-07-08,10.420000076293945,10.520000457763672,10.350000381469727,10.4399995803833,341200,-0.0019156613882373996,0.1491092778257981,10.284600009918213,,Jul,10.432380948747907,10.284600009918213,10.433333306085496,10.286200008392335,0
2021-07-09,10.5,10.510000228881836,10.359999656677246,10.380000114440918,325500,0.0076775358080907186,0.1501261325724053,10.282600002288818,,Jul,10.427619025820778,10.282600002288818,10.432380948747907,10.284600009918213,0
2021-07-12,10.460000038146973,10.59000015258789,10.420000076293945,10.529999732971191,173900,-0.0038095201764788422,0.14880383600651742,10.278600006103515,,Jul,10.423333304268974,10.278600006103515,10.427619025820778,10.282600002288818,0
2021-07-13,10.3100004196167,10.460000038146973,10.279999732971191,10.460000038146973,118400,-0.014340307646580674,0.15556011788081767,10.269200019836425,,Jul,10.410952386401949,10.269200019836425,10.423333304268974,10.278600006103515,0
2021-07-14,10.130000114440918,10.399999618530273,10.039999961853027,10.399999618530273,339900,-0.017458806774953817,0.16462875491329043,10.25560001373291,,Jul,10.392380941481818,10.25560001373291,10.410952386401949,10.269200019836425,0
2021-07-15,10.109999656677246,10.350000381469727,10.100000381469727,10.15999984741211,276600,-0.0019743788289953157,0.16472705238565263,10.245200004577637,,Jul,10.37619045802525,10.245200004577637,10.392380941481818,10.25560001373291,0
2021-07-16,10.119999885559082,10.25,10.09000015258789,10.109999656677246,214800,0.0009891423562247148,0.16416653773834797,10.239600009918213,,Jul,10.361428533281599,10.239600009918213,10.37619045802525,10.245200004577637,0
2021-07-19,9.949999809265137,10.199999809265137,9.9399995803833,10.199999809265137,701800,-0.016798426701222557,0.17075557978068542,10.23340000152588,,Jul,10.344285647074381,10.23340000152588,10.361428533281599,10.239600009918213,0
2021-07-20,9.949999809265137,10.03499984741211,9.930000305175781,9.989999771118164,728400,0.0,0.1653044633021543,10.228199996948241,,Jul,10.328095163617816,10.228199996948241,10.344285647074381,10.23340000152588,0
2021-07-21,9.920000076293945,9.970000267028809,9.899999618530273,9.949999809265137,626900,-0.0030150485976147,0.1535837312684684,10.223799991607667,,Jul,10.316666603088379,10.223799991607667,10.328095163617816,10.228199996948241,0
2021-07-22,9.960000038146973,9.970000267028809,9.899999618530273,9.930000305175781,709500,0.004032254188043316,0.14603493841403253,10.222599983215332,,Jul,10.30999992007301,10.222599983215332,10.316666603088379,10.223799991607667,0
2021-07-23,9.949999809265137,9.979999542236328,9.920000076293945,9.979999542236328,240900,-0.001004039040515603,0.1458382508943567,10.221199970245362,,Jul,10.302380879720053,10.221199970245362,10.30999992007301,10.222599983215332,0
2021-07-26,9.949999809265137,10.029999732971191,9.930000305175781,9.9399995803833,243000,0.0,0.1455116285915646,10.218599967956543,,Jul,10.285714194888161,10.218599967956543,10.302380879720053,10.221199970245362,0
2021-07-27,9.930000305175781,9.979999542236328,9.920000076293945,9.949999809265137,200000,-0.0020100004495208212,0.14527697309465482,10.216199970245361,,Jul,10.263809431166877,10.216199970245361,10.285714194888161,10.218599967956543,0
2021-07-28,9.930000305175781,9.960000038146973,9.90999984741211,9.949999809265137,302000,0.0,0.14465617616497323,10.214799976348877,,Jul,10.237142789931525,10.214799976348877,10.263809431166877,10.216199970245361,0
2021-07-29,9.90999984741211,10.0,9.90999984741211,9.90999984741211,282700,-0.0020141447279963254,0.14465799974897614,10.213999977111817,,Jul,10.206666583106632,10.213999977111817,10.237142789931525,10.214799976348877,-1
2021-07-30,9.920000076293945,9.960000038146973,9.90999984741211,9.90999984741211,139100,0.001009104847206066,0.14177750554732446,10.214199981689454,,Jul,10.169999940054756,10.214199981689454,10.206666583106632,10.213999977111817,0
2021-08-02,9.930000305175781,9.979999542236328,9.90999984741211,9.930000305175781,197400,0.0010080875811415702,0.14190949849433346,10.213999996185303,,Aug,10.133333297002883,10.213999996185303,10.169999940054756,10.214199981689454,0
2021-08-03,9.9399995803833,9.960000038146973,9.920000076293945,9.949999809265137,142600,0.0010069763242914753,0.13776189427189553,10.21279998779297,,Aug,10.10761901310512,10.21279998779297,10.133333297002883,10.213999996185303,0
2021-08-04,9.960000038146973,9.979999542236328,9.920000076293945,9.970000267028809,185100,0.0020121185722323798,0.13706810834475064,10.211999988555908,,Aug,10.080476170494443,10.211999988555908,10.10761901310512,10.21279998779297,0
2021-08-05,9.979999542236328,9.979999542236328,9.930000305175781,9.9399995803833,372300,0.002007982330598068,0.1371913832579387,10.21219997406006,,Aug,10.058571406773158,10.21219997406006,10.080476170494443,10.211999988555908,0
2021-08-06,9.9399995803833,10.0,9.930000305175781,9.989999771118164,283400,-0.004008012393562077,0.12483917439612033,10.210999965667725,,Aug,10.035714240301223,10.210999965667725,10.058571406773158,10.21219997406006,0
2021-08-09,10.0,10.005000114440918,9.979999542236328,9.989999771118164,540100,0.006036259773603003,0.12321375448430541,10.212399959564209,,Aug,10.0119047164917,10.212399959564209,10.035714240301223,10.210999965667725,0
2021-08-10,10.0,10.010000228881836,9.970000267028809,9.979999542236328,201600,0.0,0.11891833671362631,10.212799968719482,,Aug,9.989999952770415,10.212799968719482,10.0119047164917,10.212399959564209,0
2021-08-11,10.0,10.050000190734863,9.989999771118164,10.050000190734863,400300,0.0,0.1170133965335508,10.213199977874757,,Aug,9.975238028026762,10.213199977874757,9.989999952770415,10.212799968719482,0
2021-08-12,10.010000228881836,10.050000190734863,9.949999809265137,10.0,1199600,0.0010000228881836826,0.10840852669707245,10.213399982452392,,Aug,9.969523747762045,10.213399982452392,9.975238028026762,10.213199977874757,0
2021-08-13,10.020000457763672,10.050000190734863,9.949999809265137,10.039999961853027,631400,0.0009990238414763208,0.1084244787482722,10.21279998779297,,Aug,9.965238071623302,10.21279998779297,9.969523747762045,10.213399982452392,0
2021-08-16,10.0,10.039999961853027,9.970000267028809,10.029999732971191,243700,-0.001996053577839385,0.09335524468720445,10.210799980163575,,Aug,9.959523791358585,10.210799980163575,9.965238071623302,10.21279998779297,0
2021-08-17,10.010000228881836,10.010000228881836,9.96500015258789,10.0,442700,0.0010000228881836826,0.09176457306112466,10.206199989318847,,Aug,9.962380954197474,10.206199989318847,9.959523791358585,10.210799980163575,0
2021-08-18,9.979999542236328,10.010000228881836,9.970000267028809,10.010000228881836,164400,-0.0029970715244288515,0.08953321240738626,10.196999988555909,,Aug,9.96380951291039,10.196999988555909,9.962380954197474,10.206199989318847,0
2021-08-19,10.0,10.010000228881836,9.979999542236328,10.0,359500,0.0020040539760575182,0.09008855105104811,10.184999980926513,,Aug,9.967619033086867,10.184999980926513,9.96380951291039,10.196999988555909,0
2021-08-20,9.989999771118164,10.020000457763672,9.944999694824219,10.0,797300,-0.0010000228881835715,0.08594361350415938,10.17379997253418,,Aug,9.969047591799782,10.17379997253418,9.967619033086867,10.184999980926513,0
2021-08-23,9.960000038146973,9.989999771118164,9.930000305175781,9.989999771118164,728000,-0.0030029763421940414,0.08579868822194579,10.161599979400634,,Aug,9.969523793175107,10.161599979400634,9.969047591799782,10.17379997253418,0
2021-08-24,9.979999542236328,9.989999771118164,9.9399995803833,9.949999809265137,686400,0.002007982330598068,0.07740492678764599,10.150799961090089,,Aug,9.970952351888021,10.150799961090089,9.969523793175107,10.161599979400634,0
2021-08-25,9.920000076293945,10.0,9.920000076293945,9.960000038146973,619100,-0.006011970811066636,0.061905202942487775,10.140199966430664,,Aug,9.970476150512695,10.140199966430664,9.970952351888021,10.150799961090089,0
2021-08-26,9.960000038146973,9.979999542236328,9.949999809265137,9.949999809265137,366800,0.004032254188043316,0.06325592360225776,10.130799961090087,,Aug,9.971904709225608,10.130799961090087,9.970476150512695,10.140199966430664,0
2021-08-27,9.979999542236328,9.984999656677246,9.9399995803833,9.960000038146973,186300,0.002007982330598068,0.06353132702705162,10.12419994354248,,Aug,9.975238028026762,10.12419994354248,9.971904709225608,10.130799961090087,0
2021-08-30,9.979999542236328,9.989999771118164,9.949999809265137,9.970000267028809,218500,0.0,0.040443087313156496,10.117999935150147,,Aug,9.97809514545259,10.117999935150147,9.975238028026762,10.12419994354248,0
2021-08-31,9.989999771118164,10.0,9.960000038146973,9.989999771118164,260700,0.0010020269880288701,0.040524993757459264,10.114599933624268,,Aug,9.980952262878418,10.114599933624268,9.97809514545259,10.117999935150147,0
2021-09-01,9.970000267028809,10.0,9.960000038146973,9.960000038146973,459000,-0.0020019524071637207,0.03994246613058084,10.111999931335449,,Sep,9.982380867004395,10.111999931335449,9.980952262878418,10.114599933624268,0
2021-09-02,9.970000267028809,10.0,9.960000038146973,9.979999542236328,744900,0.0,0.03822780482663054,10.10919994354248,,Sep,9.98285706837972,10.10919994354248,9.982380867004395,10.111999931335449,0
2021-09-03,9.979999542236328,10.0,9.970000267028809,10.0,273300,0.001002936302879398,0.03819573980583611,10.102799930572509,,Sep,9.98285706837972,10.102799930572509,9.98285706837972,10.10919994354248,0
2021-09-07,10.010000228881836,10.010000228881836,9.989999771118164,10.0,549000,0.0030060809640863884,0.03910795539627335,10.09519992828369,,Sep,9.986190432593936,10.09519992828369,9.98285706837972,10.102799930572509,0
2021-09-08,10.0,10.010000228881836,9.979999542236328,10.010000228881836,274600,-0.0009990238414763208,0.03871858384147339,10.085399932861328,,Sep,9.986190432593936,10.085399932861328,9.986190432593936,10.09519992828369,0
2021-09-09,10.069999694824219,10.09000015258789,9.989999771118164,10.010000228881836,1582800,0.006999969482421875,0.0433807117522692,10.075799922943116,,Sep,9.989523751395089,10.075799922943116,9.986190432593936,10.085399932861328,0
2021-09-10,10.0,10.09000015258789,10.0,10.069999694824219,368300,-0.00695131052091269,0.04795649561041816,10.06199993133545,,Sep,9.989523751395089,10.06199993133545,9.989523751395089,10.075799922943116,0
2021-09-13,10.020000457763672,10.079999923706055,10.0,10.039999961853027,616900,0.002000045776367143,0.0481683081576674,10.04839994430542,,Sep,9.989999952770415,10.04839994430542,9.989523751395089,10.06199993133545,0
2021-09-14,10.0,10.039999961853027,9.989999771118164,10.029999732971191,394500,-0.001996053577839385,0.04859067629796074,10.038799953460693,,Sep,9.989047550019764,10.038799953460693,9.989999952770415,10.04839994430542,0
2021-09-15,10.010000228881836,10.050000190734863,9.989999771118164,10.010000228881836,1452100,0.0010000228881836826,0.04858972512111634,10.028399963378906,,Sep,9.989523751395089,10.028399963378906,9.989047550019764,10.038799953460693,0
2021-09-16,10.050000190734863,10.460000038146973,10.020000457763672,10.029999732971191,3042800,0.003996000093747787,0.0495497169011334,10.020599975585938,,Sep,9.99142851148333,10.020599975585938,9.989523751395089,10.028399963378906,0
2021-09-17,10.0600004196167,10.140000343322754,10.0,10.079999923706055,1997200,0.000995047631049406,0.049333627050417425,10.013399982452393,,Sep,9.99523807707287,10.013399982452393,9.99142851148333,10.020599975585938,0
2021-09-20,10.010000228881836,10.029999732971191,9.989999771118164,10.0,1738100,-0.004970197678855426,0.05013117790770722,10.003599987030029,,Sep,9.995714278448196,10.003599987030029,9.99523807707287,10.013399982452393,0
2021-09-21,10.050000190734863,10.100000381469727,10.0,10.020000457763672,1601400,0.003996000093747787,0.048399712503263116,9.995399990081786,,Sep,9.998571441287087,9.995399990081786,9.995714278448196,10.003599987030029,1
2021-09-22,9.989999771118164,10.180000305175781,9.979999542236328,10.09000015258789,3418500,-0.005970190893330951,0.051571820746635036,9.988999977111817,,Sep,10.0,9.988999977111817,9.998571441287087,9.995399990081786,0
2021-09-23,10.010000228881836,10.079999923706055,9.979999542236328,10.079999923706055,4097200,0.0020020478700604194,0.051906688421677304,9.986599979400635,,Sep,10.001428604125977,9.986599979400635,10.0,9.988999977111817,0
2021-09-24,11.300000190734863,11.470000267028809,10.0,10.020000457763672,12876900,0.12887112211356322,0.3770672108789073,10.010399990081787,,Sep,10.06714289528983,10.010399990081787,10.001428604125977,9.986599979400635,0
2021-09-27,11.9399995803833,12.949999809265137,11.4399995803833,11.449999809265137,9964500,0.056637113172191667,0.4061895868927981,10.046799983978271,,Sep,10.161428587777275,10.046799983978271,10.06714289528983,10.010399990081787,0
2021-09-28,11.069999694824219,11.880000114440918,10.829999923706055,11.850000381469727,5386700,-0.07286431458410092,0.466065589725363,10.069199981689453,,Sep,10.213333356948127,10.069199981689453,10.161428587777275,10.046799983978271,0
2021-09-29,10.930000305175781,11.640000343322754,10.65999984741211,11.640000343322754,3136900,-0.012646738347598552,0.4684484590342099,10.088799991607665,,Sep,10.25857148851667,10.088799991607665,10.213333356948127,10.069199981689453,0
2021-09-30,10.399999618530273,11.220000267028809,9.920000076293945,11.140000343322754,4857900,-0.04849045488082304,0.4917702907733845,10.098399982452392,,Sep,10.278095290774392,10.098399982452392,10.25857148851667,10.088799991607665,0
2021-10-01,9.199999809265137,10.600000381469727,8.329999923706055,10.600000381469727,6513300,-0.11538460127700667,0.5976780961314159,10.083199977874756,,Oct,10.241428602309455,10.083199977874756,10.278095290774392,10.098399982452392,0
2021-10-04,7.510000228881836,9.5,7.5,9.399999618530273,7298600,-0.18369561037178894,0.7963210886156872,10.03439998626709,,Oct,10.124285743350075,10.03439998626709,10.241428602309455,10.083199977874756,0
2021-10-05,7.730000019073486,8.079999923706055,7.510000228881836,7.710000038146973,3638700,0.029294245470935953,0.8036142258836088,9.989999990463257,,Oct,10.01714290891375,9.989999990463257,10.124285743350075,10.03439998626709,0
2021-10-06,7.25,7.980000019073486,7.070000171661377,7.800000190734863,3871700,-0.06209573323274309,0.8186341908170492,9.936399984359742,,Oct,9.885714326586042,9.936399984359742,10.01714290891375,9.989999990463257,-1
2021-10-07,7.630000114440918,7.860000133514404,7.099999904632568,7.389999866485596,2684100,0.052413808888402524,0.8379229524994535,9.890399980545045,,Oct,9.772857189178467,9.890399980545045,9.885714326586042,9.936399984359742,0
2021-10-08,8.40999984741211,8.479999542236328,7.789999961853027,7.860000133514404,3956200,0.10222801065165443,0.8957899240027207,9.860399980545044,,Oct,9.693809577396937,9.860399980545044,9.772857189178467,9.890399980545045,0
2021-10-11,8.4399995803833,9.399999618530273,8.390000343322754,8.770000457763672,3385700,0.003567150239654593,0.8958924950008597,9.830799970626831,,Oct,9.619523843129477,9.830799970626831,9.693809577396937,9.860399980545044,0
2021-10-12,8.529999732971191,8.927000045776367,8.420000076293945,8.699999809265137,1668500,0.010663525718303868,0.8968355432063598,9.802799959182739,,Oct,9.548571427663168,9.802799959182739,9.619523843129477,9.830799970626831,0
2021-10-13,9.239999771118164,9.244999885559082,8.609999656677246,8.619999885559082,2721600,0.08323564599921318,0.9315114390159032,9.788799962997437,,Oct,9.512380940573555,9.788799962997437,9.548571427663168,9.802799959182739,0
2021-10-14,9.819999694824219,10.359999656677246,9.680000305175781,9.819999694824219,4451400,0.06277055606851678,0.9495701599104323,9.785999956130981,,Oct,9.503333296094622,9.785999956130981,9.512380940573555,9.788799962997437,0
2021-10-15,10.050000190734863,10.5,9.899999618530273,10.3100004196167,4353500,0.02342163982264367,0.9517182138191151,9.787399969100953,,Oct,9.503333296094622,9.787399969100953,9.503333296094622,9.785999956130981,0
2021-10-18,10.6899995803833,10.800000190734863,10.029999732971191,10.050000190734863,2827000,0.06368153009971644,0.9683014938432337,9.802399969100952,10.579399988651275,Oct,9.533333256131126,9.802399969100952,9.503333296094622,9.787399969100953,0
2021-10-19,10.90999984741211,11.869999885559082,10.729999542236328,11.140000343322754,5952900,0.020580007078065732,0.9694588655754744,9.820599966049194,10.579949986934661,Oct,9.576190380823045,9.820599966049194,9.533333256131126,9.802399969100952,0
2021-10-20,10.4399995803833,11.5,10.029999732971191,11.149999618530273,4248300,-0.04307976843283767,0.9792468745171149,9.829399957656861,10.576599986553193,Oct,9.594761780330114,9.829399957656861,9.576190380823045,9.820599966049194,0
2021-10-21,10.180000305175781,10.850000381469727,10.079999923706055,10.270000457763672,1729600,-0.0249041461357965,0.9825708012931441,9.832999963760376,10.572249987125396,Oct,9.603809424809047,9.832999963760376,9.594761780330114,9.829399957656861,0
2021-10-22,9.65999984741211,10.289999961853027,9.380000114440918,10.1899995803833,2485300,-0.05108059353390093,0.994424894601555,9.825999956130982,10.564999988079071,Oct,9.587142739977155,9.825999956130982,9.603809424809047,9.832999963760376,0
2021-10-25,10.279999732971191,10.869999885559082,9.510000228881836,9.600000381469727,7722700,0.06418218378390339,1.0112620951600262,9.831199941635132,10.561349985599518,Oct,9.538571289607457,9.831199941635132,9.587142739977155,9.825999956130982,0
2021-10-26,10.520000457763672,11.449999809265137,10.319999694824219,10.449999809265137,4744600,0.023346374613485876,1.0128666635065773,9.841599950790405,10.558099987506866,Oct,9.470952283768426,9.841599950790405,9.538571289607457,9.831199941635132,0
2021-10-27,12.279999732971191,12.850000381469727,10.449999809265137,10.449999809265137,7887100,0.16730030405166518,1.1181845202400362,9.886999940872192,10.563599984645844,Oct,9.528571333203997,9.886999940872192,9.470952283768426,9.841599950790405,0
2021-10-28,13.630000114440918,14.079999923706055,11.84000015258789,12.489999771118164,7731000,0.10993488687504138,1.1553813933741708,9.959999952316284,10.575749986171722,Oct,9.657142752692813,9.959999952316284,9.528571333203997,9.886999940872192,0
2021-10-29,15.039999961853027,16.02899932861328,13.850000381469727,14.260000228881836,12903100,0.10344826379848837,1.1840870958119358,10.060799951553344,10.593749988079072,Oct,9.878095149993896,10.060799951553344,9.657142752692813,9.959999952316284,0
2021-11-01,15.65999984741211,17.219999313354492,14.65999984741211,15.869999885559082,9343000,0.041223396750773356,1.184474726291101,10.174199953079224,10.615949985980988,Nov,10.185714199429466,10.174199953079224,9.878095149993896,10.060799951553344,1
2021-11-02,15.0,16.099000930786133,14.210000038146973,15.960000038146973,4109200,-0.04214558453659101,1.196618613914825,10.274999952316284,10.634349987506866,Nov,10.542380855196999,10.274999952316284,10.185714199429466,10.174199953079224,0
2021-11-03,15.350000381469727,15.989999771118164,14.75,15.529999732971191,3012900,0.023333358764648482,1.1949104139156932,10.382399969100952,10.654499990940094,Nov,10.905238015311104,10.382399969100952,10.542380855196999,10.274999952316284,0
2021-11-04,16.43000030517578,16.8799991607666,15.770000457763672,15.869999885559082,4775600,0.07035829947012995,1.20375064167687,10.512599973678588,10.679149992465973,Nov,11.342380886986142,10.512599973678588,10.905238015311104,10.382399969100952,0
2021-11-05,19.270000457763672,19.389999389648438,17.200000762939453,17.260000228881836,12845700,0.17285454046481252,1.2445449100244321,10.698799982070923,10.715499994754792,Nov,11.896666617620559,10.698799982070923,11.342380886986142,10.512599973678588,0
2021-11-08,21.350000381469727,21.639999389648438,19.600000381469727,21.450000762939453,10373300,0.10793979627893813,1.2660298672086738,10.92619999885559,10.761799995899201,Nov,12.51285711924235,10.92619999885559,11.896666617620559,10.698799982070923,0
2021-11-09,22.530000686645508,23.139999389648438,20.114999771118164,22.790000915527344,11675300,0.055269334149517624,1.2361450372831642,11.177200021743774,10.814900000095367,Nov,13.183809552873884,11.177200021743774,12.51285711924235,10.92619999885559,0
2021-11-10,18.229999542236328,21.889999389648438,17.017000198364258,20.450000762939453,12954700,-0.19085668057515748,1.3846895690488303,11.342000017166137,10.848799998760223,Nov,13.645714305696034,11.342000017166137,13.183809552873884,11.177200021743774,0
2021-11-11,19.25,20.299999237060547,18.260000228881836,19.940000534057617,6233000,0.055951754436442735,1.3721883766618632,11.527600011825562,10.888199999332429,Nov,14.122380983261834,11.527600011825562,13.645714305696034,11.342000017166137,0
2021-11-12,20.149999618530273,20.200000762939453,18.434999465942383,19.450000762939453,4841100,0.046753226936637526,1.3075433977225563,11.73119999885559,10.932199995517731,Nov,14.614285741533552,11.73119999885559,14.122380983261834,11.527600011825562,0
2021-11-15,19.81999969482422,21.389999389648438,19.09000015258789,20.690000534057617,5145400,-0.016377167739625276,1.1505775167262202,11.928000001907348,10.973549993038178,Nov,15.079523813156854,11.928000001907348,14.614285741533552,11.73119999885559,0
2021-11-16,26.3799991607666,26.889999389648438,19.6200008392334,19.670000076293945,24684700,0.33097878743436393,1.4339169456277858,12.255399980545043,11.045949990749358,Nov,15.826666650317964,12.255399980545043,15.079523813156854,11.928000001907348,0
2021-11-17,31.0,31.790000915527344,24.010000228881836,26.299999237060547,20327400,0.17513271365468608,1.444042502234951,12.675399980545045,11.140949990749359,Nov,16.78333332425072,12.675399980545045,15.826666650317964,12.255399980545043,0
2021-11-18,27.959999084472656,35.900001525878906,27.030000686645508,33.7400016784668,22398400,-0.09806454566217238,1.509323070435806,13.033199968338012,11.220799987316132,Nov,17.617619014921644,13.033199968338012,16.78333332425072,12.675399980545045,0
2021-11-19,28.010000228881836,29.3700008392334,27.06999969482422,29.219999313354492,8276000,0.0017883099444357953,1.5062586741687929,13.393399972915649,11.302049987316131,Nov,18.466666630336217,13.393399972915649,17.617619014921644,13.033199968338012,0
2021-11-22,23.18000030517578,27.780000686645508,22.31999969482422,27.110000610351562,12180100,-0.1724384107189587,1.6296902175628276,13.656599969863892,11.359049990177155,Nov,19.11047617594401,13.656599969863892,18.466666630336217,13.393399972915649,0
2021-11-23,24.959999084472656,25.690000534057617,21.600000381469727,22.790000915527344,10641200,0.07679028282408717,1.630906708359343,13.955799951553345,11.423899986743926,Nov,19.809523764110747,13.955799951553345,19.11047617594401,13.656599969863892,0
2021-11-24,25.959999084472656,27.0,23.510000228881836,24.010000228881836,6161900,0.04006410403364513,1.6260709475555408,14.27479992866516,11.494299981594086,Nov,20.54476179395403,14.27479992866516,19.809523764110747,13.955799951553345,0
2021-11-26,24.18000030517578,25.940000534057617,23.760000228881836,24.260000228881836,3736300,-0.06856698158982366,1.654354142021296,14.557399930953979,11.556349980831147,Nov,21.111428487868537,14.557399930953979,20.54476179395403,14.27479992866516,0
2021-11-29,24.079999923706055,25.049999237060547,22.40999984741211,25.0,5822400,-0.004135665020993495,1.6580350793258616,14.837799921035767,11.617749979496002,Nov,21.60904752640497,14.837799921035767,21.111428487868537,14.557399930953979,0
2021-11-30,23.81999969482422,25.850000381469727,22.639999389648438,23.540000915527344,6891700,-0.010797351731960503,1.6607490945726335,15.113999910354615,11.678349978923798,Nov,22.027142751784552,15.113999910354615,21.60904752640497,14.837799921035767,0
2021-12-01,20.75,24.5,20.049999237060547,24.190000534057617,6745500,-0.12888328019127937,1.7250553087697915,15.327999906539917,11.723049976825713,Dec,22.269523711431596,15.327999906539917,22.027142751784552,15.113999910354615,0
2021-12-02,21.450000762939453,21.780000686645508,19.09000015258789,20.65999984741211,6549800,0.03373497652720259,1.7121879961414086,15.557199926376343,11.769099981784821,Dec,22.5766666049049,15.557199926376343,22.269523711431596,15.327999906539917,0
2021-12-03,18.780000686645508,21.350000381469727,18.5,21.1200008392334,6736800,-0.12447552360497238,1.7633564916864874,15.732599935531617,11.799449985027314,Dec,22.739999952770415,15.732599935531617,22.5766666049049,15.557199926376343,0
2021-12-06,18.790000915527344,19.649999618530273,17.200000762939453,18.200000762939453,5532400,0.0005324935312140955,1.7499388700034886,15.882399950027466,11.82964998960495,Dec,22.852380934215727,15.882399950027466,22.739999952770415,15.732599935531617,0
2021-12-07,21.530000686645508,21.969999313354492,19.5,19.5,6462900,0.1458222265893523,1.7802843461879416,16.07419997215271,11.876599991321564,Dec,22.95999999273391,16.07419997215271,22.852380934215727,15.882399950027466,0
2021-12-08,20.969999313354492,22.200000762939453,20.520000457763672,21.270000457763672,4611600,-0.02601028125551197,1.787825762676291,16.272199964523317,11.909249989986419,Dec,22.941904703776043,16.272199964523317,22.95999999273391,16.07419997215271,0
2021-12-09,18.610000610351562,22.31999969482422,18.510000228881836,21.40999984741211,6264300,-0.11254166811059418,1.7839750387396869,16.42579997062683,11.936699993610382,Dec,22.75523803347633,16.42579997062683,22.941904703776043,16.272199964523317,0
2021-12-10,18.56999969482422,19.583999633789062,18.1299991607666,19.010000228881836,3626900,-0.0021494311776161235,1.7642809105032033,16.58919997215271,11.95719999074936,Dec,22.771428516932897,16.58919997215271,22.75523803347633,16.42579997062683,0
2021-12-13,16.670000076293945,19.229999542236328,16.610000610351562,18.56999969482422,5657300,-0.10231554387477115,1.77655708481439,16.738599977493287,11.96754998922348,Dec,22.648571377708798,16.738599977493287,22.771428516932897,16.58919997215271,0
2021-12-14,16.100000381469727,16.989999771118164,15.850000381469727,16.06999969482422,5066300,-0.034193142904348495,1.778223750415429,16.910399980545044,11.983749992847443,Dec,22.455714271182107,16.910399980545044,22.648571377708798,16.738599977493287,0
2021-12-15,17.84000015258789,18.100000381469727,15.529999732971191,16.0,6809000,0.10807451738453455,1.7955243736567168,17.112599983215333,12.013599994182586,Dec,22.36142857869466,17.112599983215333,22.455714271182107,16.910399980545044,0
2021-12-16,16.059999465942383,18.549999237060547,15.795000076293945,18.540000915527344,7132400,-0.09977582238906535,1.8238723668206531,17.28879997253418,12.034049990177154,Dec,21.87000002179827,17.28879997253418,22.36142857869466,17.112599983215333,0
2021-12-17,16.770000457763672,17.719999313354492,15.569999694824219,15.920000076293945,11570300,0.04420927866946389,1.8176277895898834,17.471599979400636,12.054399993419647,Dec,21.192380995977494,17.471599979400636,21.87000002179827,17.28879997253418,0
2021-12-20,15.279999732971191,16.75,15.149999618530273,16.299999237060547,5446000,-0.08884917615507193,1.767447444847279,17.608999977111818,12.076299993991851,Dec,20.58857150304885,17.608999977111818,21.192380995977494,17.471599979400636,0
2021-12-21,16.18000030517578,16.2450008392334,15.229999542236328,15.829999923706055,3845800,0.05890056203748273,1.7465529428490805,17.763799991607666,12.100649993419648,Dec,20.025238173348562,17.763799991607666,20.58857150304885,17.608999977111818,0
2021-12-22,16.81999969482422,17.75,16.010000228881836,16.09000015258789,3889800,0.03955496771181832,1.7425436287794362,17.929599990844725,12.129349992275237,Dec,19.72238100142706,17.929599990844725,20.025238173348562,17.763799991607666,0
2021-12-23,17.860000610351562,18.29599952697754,16.799999237060547,16.850000381469727,3379900,0.06183120894154159,1.6590759253419411,18.102000007629396,12.16264999628067,Dec,19.38428583599272,18.102000007629396,19.72238100142706,17.929599990844725,0
2021-12-27,18.299999237060547,18.850000381469727,17.770000457763672,18.5,3519800,0.024635980496773513,1.653084197988315,18.27159999847412,12.196599991321564,Dec,19.019523938496906,18.27159999847412,19.38428583599272,18.102000007629396,0
2021-12-28,17.06999969482422,18.479999542236328,16.781999588012695,18.450000762939453,3904800,-0.0672130925418496,1.6600417270725254,18.41199998855591,12.22429999113083,Dec,18.68095248086112,18.41199998855591,19.019523938496906,18.27159999847412,0
2021-12-29,17.700000762939453,17.84000015258789,16.1299991607666,17.0,3245800,0.036906917362526714,1.6627918486183533,18.55220001220703,12.257699992656708,Dec,18.377142997015092,18.55220001220703,18.68095248086112,18.41199998855591,-1
2021-12-30,17.729999542236328,18.149999618530273,17.059999465942383,17.399999618530273,2498800,0.0016948462149044552,1.337506228069798,18.688600006103517,12.29134999036789,Dec,18.087142989749,18.688600006103517,18.377142997015092,18.55220001220703,0
2021-12-31,16.700000762939453,18.0,16.6200008392334,17.600000381469727,2184500,-0.05809355927185533,1.2233918608411019,18.81380002975464,12.320799992084503,Dec,17.894285883222306,18.81380002975464,18.087142989749,18.688600006103517,0
2022-01-03,17.469999313354492,17.68000030517578,16.600000381469727,17.06999969482422,2687900,0.046107695523213144,1.2121619898963325,18.959600009918212,12.352899987697601,Jan,17.70476200467064,18.959600009918212,17.894285883222306,18.81380002975464,0
2022-01-04,16.440000534057617,17.860000610351562,15.760000228881836,17.709999084472656,4880600,-0.05895814652434006,1.2186388284576255,19.095200023651124,12.380399992465973,Jan,17.59333342597598,19.095200023651124,17.70476200467064,18.959600009918212,0
2022-01-05,15.380000114440918,16.440000534057617,15.3100004196167,16.260000228881836,3054000,-0.06447690907435,1.1344581879002125,19.197200031280516,12.404149992465973,Jan,17.430952435448056,19.197200031280516,17.59333342597598,19.095200023651124,0
2022-01-06,14.84000015258789,15.510000228881836,14.279999732971191,14.989999771118164,4682000,-0.03511053041839696,1.1051156206513935,19.283600025177,12.425749990940094,Jan,17.112380981445312,19.283600025177,17.430952435448056,19.197200031280516,0
2022-01-07,14.369999885559082,15.029999732971191,14.109999656677246,14.930000305175781,3140800,-0.03167117669785513,1.0936576764732817,19.32540002822876,12.444799988269805,Jan,16.798095294407435,19.32540002822876,17.112380981445312,19.283600025177,0
2022-01-10,13.710000038146973,13.897000312805176,12.904000282287598,13.75,4965600,-0.04592900853641391,1.0863633229429344,19.32700002670288,12.460749986171722,Jan,16.564761933826265,19.32700002670288,16.798095294407435,19.32540002822876,0
2022-01-11,14.6899995803833,14.789999961853027,13.670000076293945,13.680000305175781,2954800,0.07148063745511002,1.1155273297094306,19.320000019073486,12.480549986362456,Jan,16.38000002361479,19.320000019073486,16.564761933826265,19.32700002670288,0
2022-01-12,14.09000015258789,15.024999618530273,13.90999984741211,14.880000114440918,2333900,-0.04084407385529376,1.1181895858506306,19.288600025177,12.498499987125397,Jan,16.257142884390696,19.288600025177,16.38000002361479,19.320000019073486,0
2022-01-13,12.979999542236328,14.260000228881836,12.920000076293945,14.0,3362300,-0.07877931854725284,1.0826869487883926,19.248200016021727,12.50954998254776,Jan,16.10857141585577,19.248200016021727,16.257142884390696,19.288600025177,0
2022-01-14,12.930000305175781,13.489999771118164,12.619999885559082,12.989999771118164,2596900,-0.003852021481037138,1.0739540988802831,19.19980001449585,12.521349985599517,Jan,15.874761899312338,19.19980001449585,16.10857141585577,19.248200016021727,0
2022-01-18,12.199999809265137,12.819999694824219,12.079999923706055,12.430000305175781,2938300,-0.05645788698229426,1.030658200439753,19.115200004577638,12.528899986743927,Jan,15.690952391851516,19.115200004577638,15.874761899312338,19.19980001449585,0
2022-01-19,11.789999961853027,12.510000228881836,11.779999732971191,12.369999885559082,3349000,-0.03360654539524999,1.0317281098305824,18.965599994659424,12.533949987888336,Jan,15.453809511093866,18.965599994659424,15.690952391851516,19.115200004577638,0
2022-01-20,11.720000267028809,12.670000076293945,11.649999618530273,11.859999656677246,3009500,-0.0059372090797884525,0.9154302581537745,18.772999992370604,12.539099991321564,Jan,15.284285727001372,18.772999992370604,15.453809511093866,18.965599994659424,0
2022-01-21,10.880000114440918,11.800000190734863,10.779999732971191,11.5600004196167,3816900,-0.07167236633526486,0.9281863627071684,18.539999980926513,12.538499991893769,Jan,15.031904765537806,18.539999980926513,15.284285727001372,18.772999992370604,0
2022-01-24,10.890000343322754,10.90999984741211,9.5,10.300000190734863,6162600,0.0009191386743243601,0.8871990504220643,18.39319999694824,12.537799994945527,Jan,14.749523844037737,18.39319999694824,15.031904765537806,18.539999980926513,0
2022-01-25,10.4399995803833,10.890000343322754,10.180000305175781,10.609999656677246,2847700,-0.04132238280555911,0.8890760871267969,18.21699998855591,12.535799992084502,Jan,14.396190461658296,18.21699998855591,14.749523844037737,18.39319999694824,0
2022-01-26,10.710000038146973,11.609999656677246,10.4399995803833,11.140000343322754,4183400,0.025862113852092694,0.8599456989692337,18.028199996948242,12.535599992275237,Jan,14.034761928376698,18.028199996948242,14.396190461658296,18.21699998855591,0
2022-01-27,9.510000228881836,10.979999542236328,9.5,10.930000305175781,4061400,-0.11204479971904457,0.9048737117917844,17.822000007629395,12.530199992656708,Jan,13.674761953808012,17.822000007629395,14.034761928376698,18.028199996948242,0
2022-01-28,10.09000015258789,10.149999618530273,9.15999984741211,9.670000076293945,3457400,0.06098842373784574,0.8579273012419493,17.49620002746582,12.527949993610383,Jan,13.3123809723627,17.49620002746582,13.674761953808012,17.822000007629395,0
2022-01-31,11.4399995803833,11.4399995803833,10.0,10.09000015258789,3802500,0.13379577872941462,0.9272812135792196,17.105000019073486,12.533299992084503,Jan,13.012857164655413,17.105000019073486,13.3123809723627,17.49620002746582,0
2022-02-01,12.199999809265137,12.210000038146973,11.119999885559082,11.420000076293945,2885100,0.0664335888774894,0.940628487279148,16.789800033569335,12.543049991130829,Feb,12.798571404956636,16.789800033569335,13.012857164655413,17.105000019073486,0
2022-02-02,11.489999771118164,12.399999618530273,11.140000343322754,12.350000381469727,3767200,-0.05819672534812437,0.9219875208761074,16.459400024414062,12.548999989032746,Feb,12.513809521993002,16.459400024414062,12.798571404956636,16.789800033569335,0
2022-02-03,11.390000343322754,11.710000038146973,10.899999618530273,10.989999771118164,2914000,-0.008703170564613338,0.9000239054901692,16.223600025177003,12.553549993038178,Feb,12.273333322434198,16.223600025177003,12.513809521993002,16.459400024414062,0
2022-02-04,12.899999618530273,13.0,11.329999923706055,11.420000076293945,4387100,0.13257236432769193,0.9813126427334703,15.982400035858154,12.566099989414216,Feb,12.155238060724168,15.982400035858154,12.273333322434198,16.223600025177003,0
2022-02-07,13.1899995803833,13.600000381469727,12.569999694824219,13.09000015258789,2845200,0.022480617862690178,0.9638034729818188,15.727000045776368,12.57959998846054,Feb,12.0766666049049,15.727000045776368,12.155238060724168,15.982400035858154,0
2022-02-08,12.960000038146973,13.3100004196167,12.529999732971191,12.9399995803833,2744500,-0.017437418465000798,0.9590118798117746,15.50260004043579,12.591699988842011,Feb,12.009523755028134,15.50260004043579,12.0766666049049,15.727000045776368,0
2022-02-09,14.270000457763672,14.270000457763672,12.800000190734863,13.119999885559082,2659000,0.10108027899388827,0.9946882832697777,15.306400051116944,12.61054999113083,Feb,12.036190441676549,15.306400051116944,12.009523755028134,15.50260004043579,0
2022-02-10,14.760000228881836,16.190000534057617,13.569999694824219,13.579999923706055,5497100,0.03433775440781983,0.9937955507055317,15.125200061798095,12.63134999036789,Feb,12.039523805890765,15.125200061798095,12.036190441676549,15.306400051116944,0
2022-02-11,16.81999969482422,17.229999542236328,14.859999656677246,15.149999618530273,7508400,0.13956635731694989,1.0776703779203447,15.04660005569458,12.66214998960495,Feb,12.169523784092494,15.04660005569458,12.039523805890765,15.125200061798095,0
2022-02-14,16.540000915527344,17.65999984741211,15.970000267028809,16.149999618530273,4931400,-0.016646776716829237,1.0647331246419325,14.948400058746337,12.69094999551773,Feb,12.339047659011115,14.948400058746337,12.169523784092494,15.04660005569458,0
2022-02-15,16.579999923706055,17.1200008392334,15.600000381469727,16.809999465942383,4535100,0.002418319586739548,1.0564313654564161,14.904400043487549,12.719799993038178,Feb,12.512857164655413,14.904400043487549,12.339047659011115,14.948400058746337,0
2022-02-16,15.819999694824219,16.360000610351562,15.319999694824219,16.1200008392334,2547500,-0.04583837348486286,1.0507005796727633,14.845000019073487,12.745749990940094,Feb,12.685238111586798,14.845000019073487,12.512857164655413,14.904400043487549,0
2022-02-17,15.479999542236328,16.034000396728516,14.850000381469727,15.4399995803833,3007700,-0.02149179261356926,1.0347666686068906,14.723999996185302,12.771149990558625,Feb,12.860952377319336,14.723999996185302,12.685238111586798,14.845000019073487,0
2022-02-18,14.680000305175781,15.399999618530273,14.140000343322754,15.329999923706055,3160100,-0.051679538806044034,1.041055123863056,14.598200016021728,12.793249990940094,Feb,13.00190476008824,14.598200016021728,12.860952377319336,14.723999996185302,0
2022-02-22,14.529999732971191,15.449999809265137,14.01200008392334,14.079999923706055,2664300,-0.010218022417322725,1.0369350174861431,14.51659999847412,12.814849989414215,Feb,13.175714265732537,14.51659999847412,13.00190476008824,14.598200016021728,0
2022-02-23,13.720000267028809,15.052000045776367,13.640000343322754,14.869999885559082,2404000,-0.05574669517056818,1.0412904941503824,14.419600009918213,12.832749989032745,Feb,13.310476166861397,14.419600009918213,13.175714265732537,14.51659999847412,0
2022-02-24,15.600000381469727,15.600000381469727,12.90999984741211,12.90999984741211,3690500,0.13702624474132374,1.0952016916630734,14.398200016021729,12.860649988651275,Feb,13.556190490722656,14.398200016021729,13.310476166861397,14.419600009918213,0
2022-02-25,15.100000381469727,15.720000267028809,14.829999923706055,15.199999809265137,2505300,-0.0320512812675261,1.0923496452352046,14.37820001602173,12.886049988269805,Feb,13.765238126118978,14.37820001602173,13.556190490722656,14.398200016021729,0
2022-02-28,15.979999542236328,16.565000534057617,15.210000038146973,15.279999732971191,2709400,0.05827808864472028,1.0735864277743155,14.341000003814697,12.915549986362457,Feb,14.07333333151681,14.341000003814697,13.765238126118978,14.37820001602173,0
2022-03-01,14.5,15.930000305175781,14.34000015258789,15.8100004196167,2457900,-0.09261574371917713,1.112988979402816,14.309800014495849,12.937799985408782,Mar,14.283333324250721,14.309800014495849,14.07333333151681,14.341000003814697,0
2022-03-02,14.65999984741211,15.039999961853027,14.34000015258789,14.720000267028809,2193600,0.01103447223531795,1.0970811405168084,14.267600002288818,12.961099984645843,Mar,14.436666670299712,14.267600002288818,14.283333324250721,14.309800014495849,1
2022-03-03,13.279999732971191,14.864999771118164,13.210000038146973,14.699999809265137,2759600,-0.09413370592118564,1.1307226525914216,14.227600002288819,12.977749984264374,Mar,14.488095238095237,14.227600002288819,14.436666670299712,14.267600002288818,0
2022-03-04,12.390000343322754,13.699999809265137,12.180000305175781,13.5,3533400,-0.06701802767651965,1.1501896008573171,14.151800003051758,12.990149986743926,Mar,14.530952408200218,14.151800003051758,14.488095238095237,14.227600002288819,0
2022-03-07,11.890000343322754,12.899999618530273,11.850000381469727,12.40999984741211,3152300,-0.040355123982660834,1.1356968018271367,14.053200016021728,12.999899990558625,Mar,14.554761932009743,14.053200016021728,14.530952408200218,14.151800003051758,0
2022-03-08,11.770000457763672,12.232999801635742,11.520000457763672,11.899999618530273,2954000,-0.010092504801858304,1.1365204786611223,13.93140001296997,13.008749992847443,Mar,14.500952448163714,13.93140001296997,14.554761932009743,14.053200016021728,0
2022-03-09,12.5,12.619999885559082,11.770000457763672,12.069999694824219,2301600,0.062022048754875714,1.1393756853547838,13.81540002822876,13.021249992847443,Mar,14.468095325288319,13.81540002822876,14.500952448163714,13.93140001296997,0
2022-03-10,12.75,12.869999885559082,11.833000183105469,12.300000190734863,1848400,0.020000000000000018,1.1387238937614836,13.729000034332275,13.035149991512299,Mar,14.458095323471795,13.729000034332275,14.468095325288319,13.81540002822876,0
2022-03-11,12.329999923706055,13.0,12.253000259399414,12.989999771118164,1498100,-0.03294118245442712,1.0880554910943947,13.621600017547607,13.046799991130829,Mar,14.365714345659528,13.621600017547607,14.458095323471795,13.729000034332275,0
2022-03-14,11.40999984741211,12.369999885559082,11.220000267028809,12.09000015258789,2160800,-0.07461476739550688,1.1046595002840272,13.495200023651122,13.05419998884201,Mar,14.206190517970494,13.495200023651122,14.365714345659528,13.621600017547607,0
2022-03-15,12.489999771118164,12.579999923706055,11.289999961853027,11.630000114440918,1845100,0.09465380702445914,1.0707302288655745,13.411000003814697,13.06674998998642,Mar,14.000000045413064,13.411000003814697,14.206190517970494,13.495200023651122,0
2022-03-16,13.069999694824219,13.180000305175781,12.369999885559082,12.510000228881836,2280300,0.046437144462343705,1.0623073711103206,13.323000011444092,13.08219999074936,Mar,13.834761892046247,13.323000011444092,14.000000045413064,13.411000003814697,0
2022-03-17,13.829999923706055,14.0,12.869999885559082,12.899999618530273,2409500,0.05814845039229799,1.0562300806016418,13.270799999237061,13.10134999036789,Mar,13.703809511093866,13.270799999237061,13.834761892046247,13.323000011444092,0
2022-03-18,14.359999656677246,14.359999656677246,13.609999656677246,13.680000305175781,2877800,0.038322468249816666,1.0584498036244572,13.250399990081787,13.1228999876976,Mar,13.634285699753534,13.250399990081787,13.703809511093866,13.270799999237061,0
2022-03-21,14.640000343322754,15.4399995803833,13.979999542236328,14.5,3419500,0.019498655525058473,0.993251423512731,13.246399993896484,13.145599987506866,Mar,13.594285737900506,13.246399993896484,13.634285699753534,13.250399990081787,0
2022-03-22,14.8100004196167,15.289999961853027,14.5600004196167,14.5600004196167,2224000,0.011612026796944841,0.992190964745229,13.255200004577636,13.168449990749359,Mar,13.60047621954055,13.255200004577636,13.594285737900506,13.246399993896484,0
2022-03-23,14.199999809265137,14.699999809265137,13.899999618530273,14.670000076293945,2126600,-0.04118842627064223,0.999369626524091,13.265,13.187249991893768,Mar,13.58476193745931,13.265,13.60047621954055,13.255200004577636,0
2022-03-24,13.949999809265137,14.399999618530273,13.682000160217285,14.279999732971191,2040800,-0.01760563403929638,0.958504655565389,13.250200004577637,13.203999989032745,Mar,13.595714296613421,13.250200004577637,13.58476193745931,13.265,0
2022-03-25,13.180000305175781,14.0,12.949999809265137,13.949999809265137,2366000,-0.055197097822033414,0.966513635568926,13.232000007629395,13.21714998960495,Mar,13.48047619774228,13.232000007629395,13.595714296613421,13.250200004577637,0
2022-03-28,13.140000343322754,13.571999549865723,12.710000038146973,13.25,2445600,-0.0030348984011266955,0.8683799026567487,13.235200023651123,13.229999992847443,Mar,13.387142862592425,13.235200023651123,13.48047619774228,13.232000007629395,0
2022-03-29,12.390000343322754,13.350000381469727,12.0,13.260000228881836,10204400,-0.0570776240794485,0.8802026392368959,13.224400024414063,13.239349992275239,Mar,13.216190519787016,13.224400024414063,13.387142862592425,13.235200023651123,-1
2022-03-30,12.369999885559082,13.260000228881836,12.119999885559082,12.399999618530273,6765300,-0.0016142419055259483,0.8798608288109119,13.227800025939942,13.248949992656708,Mar,13.114761942908878,13.227800025939942,13.216190519787016,13.224400024414063,0
2022-03-31,12.760000228881836,13.220000267028809,12.199999809265137,12.420000076293945,4205300,0.031527918102735475,0.8797115984258538,13.247200031280517,13.260599992275239,Mar,13.024285770597912,13.247200031280517,13.114761942908878,13.227800025939942,0
2022-04-01,13.0,13.069999694824219,12.399999618530273,12.84000015258789,2982500,0.018808759154637977,0.8811663059610575,13.272800025939942,13.274049990177154,Apr,13.010952449980236,13.272800025939942,13.024285770597912,13.247200031280517,0
2022-04-04,13.579999923706055,13.760000228881836,12.845000267028809,13.0,3026600,0.044615378746619694,0.8803969258417315,13.326800022125244,13.29049998998642,Apr,13.067619096665155,13.326800022125244,13.010952449980236,13.272800025939942,0
2022-04-05,12.529999732971191,13.470000267028809,12.399999618530273,13.40999984741211,3675200,-0.07731960210853317,0.9074876444314253,13.359600009918212,13.302349989414216,Apr,13.098095258076986,13.359600009918212,13.067619096665155,13.326800022125244,0
2022-04-06,12.300000190734863,12.529999732971191,11.729999542236328,12.470000267028809,3262800,-0.01835590958801958,0.8951153582538284,13.396800022125245,13.31334998846054,Apr,13.123333340599423,13.396800022125245,13.098095258076986,13.359600009918212,0
2022-04-07,12.4399995803833,12.75,12.114999771118164,12.34000015258789,1941600,0.01138206402255948,0.7937402957077945,13.43140001296997,13.324999988079071,Apr,13.120476177760533,13.43140001296997,13.123333340599423,13.396800022125245,0
2022-04-08,12.319999694824219,12.510000228881836,12.0600004196167,12.350000381469727,1376400,-0.0096462933767546,0.7900706119998004,13.487600002288819,13.335099985599518,Apr,13.099999972752162,13.487600002288819,13.120476177760533,13.43140001296997,0
2022-04-11,10.789999961853027,11.859999656677246,10.774999618530273,11.850000381469727,6097900,-0.12418829309013402,0.8375419001999015,13.501599998474122,13.33709998369217,Apr,13.026666641235352,13.501599998474122,13.099999972752162,13.487600002288819,0
2022-04-12,10.989999771118164,11.369999885559082,10.899999618530273,11.350000381469727,3298000,0.01853566357481151,0.8054903490266114,13.492600002288818,13.33959998369217,Apr,13.006666637602306,13.492600002288818,13.026666641235352,13.501599998474122,0
2022-04-13,11.369999885559082,11.680000305175781,10.829999923706055,11.020000457763672,3345000,0.03457689921337059,0.8131593494694008,13.476000003814697,13.34369998216629,Apr,12.953333309718541,13.476000003814697,13.006666637602306,13.492600002288818,0
2022-04-14,10.65999984741211,11.399999618530273,10.630000114440918,11.359999656677246,3465000,-0.062445034766336005,0.7885138799463847,13.459400005340576,13.343549983501434,Apr,12.838571412222725,13.459400005340576,12.953333309718541,13.476000003814697,0
2022-04-18,10.600000381469727,10.906000137329102,10.25,10.819999694824219,4208900,-0.005628467804992376,0.7670731432135713,13.443600006103516,13.343049986362457,Apr,12.684761910211472,13.443600006103516,12.838571412222725,13.459400005340576,0
2022-04-19,10.920000076293945,11.020000457763672,10.149999618530273,10.65999984741211,3792700,0.030188649368694698,0.7652968510935029,13.40400001525879,13.345249989032745,Apr,12.520952406383696,13.40400001525879,12.684761910211472,13.443600006103516,0
2022-04-20,9.800000190734863,10.960000038146973,9.789999961853027,10.920000076293945,17009100,-0.10256409136758815,0.819155362193166,13.33620002746582,13.341599991321564,Apr,12.290476208641415,13.33620002746582,12.520952406383696,13.40400001525879,0
2022-04-21,9.5,10.100000381469727,9.40999984741211,10.050000190734863,5955300,-0.03061226376490178,0.79722483871418,13.267000026702881,13.336899993419648,Apr,12.037619045802526,13.267000026702881,12.290476208641415,13.33620002746582,0
2022-04-22,9.180000305175781,9.710000038146973,8.8100004196167,9.710000038146973,6286900,-0.033684178402549336,0.7961063109498439,13.165200023651122,13.330699994564057,Apr,11.798571450369698,13.165200023651122,12.037619045802526,13.267000026702881,0
2022-04-25,9.140000343322754,9.359999656677246,8.824999809265137,9.029999732971191,5347900,-0.004357294174649917,0.7931434766589895,13.052800025939941,13.32389999628067,Apr,11.569523856753396,13.052800025939941,11.798571450369698,13.165200023651122,0
2022-04-26,8.100000381469727,9.199999809265137,8.100000381469727,9.149999618530273,7300000,-0.1137855495391531,0.8287588756232878,12.87840003967285,13.312099997997285,Apr,11.327619098481678,12.87840003967285,11.569523856753396,13.052800025939941,0
2022-04-27,8.199999809265137,8.539999961853027,8.100000381469727,8.149999618530273,4767800,0.012345607788387003,0.7707433632192262,12.711600017547607,13.301549994945526,Apr,11.092380977812267,12.711600017547607,11.327619098481678,12.87840003967285,0
2022-04-28,8.3100004196167,8.40999984741211,7.769999980926514,8.390000343322754,5371700,0.013414708891489546,0.7544807320130608,12.54620002746582,13.292449996471404,Apr,10.898095267159599,12.54620002746582,11.092380977812267,12.711600017547607,0
2022-04-29,7.869999885559082,8.529999732971191,7.860000133514404,8.270000457763672,4226200,-0.052948316707535414,0.7306953231350821,12.387200031280518,13.281249997615815,Apr,10.683809552873884,12.387200031280518,10.898095267159599,12.54620002746582,0
2022-05-02,7.860000133514404,8.109999656677246,7.630000114440918,7.880000114440918,6120200,-0.0012706165425778737,0.7131896374156438,12.234800043106079,13.26994999885559,May,10.450476214999245,12.234800043106079,10.683809552873884,12.387200031280518,0
2022-05-03,7.150000095367432,7.800000190734863,6.889999866485596,7.489999771118164,17096000,-0.0903307921229658,0.7326207848411902,12.084200038909913,13.255950000286102,May,10.171904790969123,12.084200038909913,10.450476214999245,12.234800043106079,0
2022-05-04,7.5,7.510000228881836,6.46999979019165,6.710000038146973,13141900,0.04895103496003261,0.7553800472641072,11.943600044250488,13.243700001239777,May,9.882380985078358,11.943600044250488,10.171904790969123,12.084200038909913,0
2022-05-05,6.230000019073486,7.25,6.179999828338623,7.25,8710900,-0.16933333079020185,0.8676784207841026,11.793800039291382,13.225250000953674,May,9.582380998702277,11.793800039291382,9.882380985078358,11.943600044250488,0
2022-05-06,5.920000076293945,6.300000190734863,5.659999847412109,6.199999809265137,7052600,-0.04975922019750545,0.870119527638799,11.600200033187866,13.205050001144409,May,9.278571469443184,11.600200033187866,9.582380998702277,11.793800039291382,0
2022-05-09,5.079999923706055,5.829999923706055,5.050000190734863,5.739999771118164,8236800,-0.14189191583824268,0.9291334437088032,11.399800024032594,13.180700001716614,May,8.928095295315696,11.399800024032594,9.278571469443184,11.600200033187866,0
2022-05-10,4.880000114440918,5.329999923706055,4.78000020980835,5.289999961853027,7071800,-0.0393700417852032,0.9260973318961353,11.177800035476684,13.155350003242493,May,8.57380960101173,11.177800035476684,8.928095295315696,11.399800024032594,0
2022-05-11,4.340000152587891,4.894999980926514,4.289999961853027,4.880000114440918,7444400,-0.11065572729292716,0.9520005229381515,10.974600038528443,13.127400002479554,May,8.266666752951485,10.974600038528443,8.57380960101173,11.177800035476684,0
2022-05-12,4.760000228881836,5.014999866485596,4.159999847412109,4.239999771118164,7428000,0.09677420772520118,1.0200271135838448,10.776600046157837,13.101550002098083,May,7.970000108083089,10.776600046157837,8.266666752951485,10.974600038528443,0
2022-05-13,5.199999809265137,5.320000171661377,4.900000095367432,5.0,6825000,0.09243688219037338,1.0658041949869437,10.615000047683715,13.078000001907348,May,7.676190580640521,10.615000047683715,7.970000108083089,10.776600046157837,0
2022-05-16,4.860000133514404,5.340000152587891,4.820000171661377,5.289999961853027,6070000,-0.06538455542727817,1.0621465878547778,10.464400043487549,13.05270000219345,May,7.400000118073963,10.464400043487549,7.676190580640521,10.615000047683715,0
2022-05-17,5.710000038146973,5.78000020980835,5.119999885559082,5.210000038146973,7037600,0.17489709491384509,1.199874723515474,10.340800037384033,13.031600000858306,May,7.1671429588681175,10.340800037384033,7.400000118073963,10.464400043487549,0
2022-05-18,5.449999809265137,6.340000152587891,5.389999866485596,5.630000114440918,8711900,-0.04553419039314266,1.1914919143815692,10.214400024414063,13.009150002002716,May,6.9066667556762695,10.214400024414063,7.1671429588681175,10.340800037384033,0
2022-05-19,5.829999923706055,5.949999809265137,5.434999942779541,5.5,6715400,0.06972479408070953,1.222453558489953,10.081000022888183,12.988500001430511,May,6.717619123912993,10.081000022888183,6.9066667556762695,10.214400024414063,0
2022-05-20,5.630000114440918,6.0,5.309999942779541,5.920000076293945,5048400,-0.03430528505701924,1.2188850762775436,9.938600025177003,12.966750004291534,May,6.5333334150768465,9.938600025177003,6.717619123912993,10.081000022888183,0
2022-05-23,5.760000228881836,5.797999858856201,5.400000095367432,5.599999904632568,3717100,0.02309060600326962,1.2257208537595785,9.807200031280518,12.945850007534027,May,6.370476268586659,9.807200031280518,6.5333334150768465,9.938600025177003,0
2022-05-24,5.389999866485596,5.730000019073486,5.28000020980835,5.619999885559082,3973200,-0.06423617147460892,1.1942440260000762,9.686800031661987,12.922800006866455,May,6.191904817308698,9.686800031661987,6.370476268586659,9.807200031280518,0
2022-05-25,5.71999979019165,5.730000019073486,5.320000171661377,5.389999866485596,3486700,0.06122447715777435,1.2125156767670404,9.551400032043457,12.901400005817413,May,6.078571455819266,9.551400032043457,6.191904817308698,9.686800031661987,0
2022-05-26,5.760000228881836,6.068999767303467,5.510000228881836,5.53000020980835,5036500,0.006993083943600098,1.2045969012753324,9.405200042724609,12.880200006961822,May,5.962380999610538,9.405200042724609,6.078571455819266,9.551400032043457,0
2022-05-27,5.929999828338623,6.116000175476074,5.672999858856201,5.829999923706055,6495500,0.02951381817736287,1.2056602133709944,9.24720004081726,12.859800004959107,May,5.849047638121105,9.24720004081726,5.962380999610538,9.405200042724609,0
2022-05-31,5.75,6.119999885559082,5.480000019073486,6.039999961853027,7839700,-0.03035410346530354,1.2058460020153836,9.075000047683716,12.838450002670289,May,5.748095262618292,9.075000047683716,5.849047638121105,9.24720004081726,0
2022-06-01,5.289999961853027,5.85099983215332,5.224999904632568,5.739999771118164,5081500,-0.0800000066342561,1.2103703024831445,8.88800004005432,12.814900002479554,Jun,5.625714302062988,8.88800004005432,5.748095262618292,9.075000047683716,0
2022-06-02,5.800000190734863,5.840000152587891,5.239999771118164,5.289999961853027,4385100,0.09640836154244292,1.231105275143855,8.707800035476685,12.793850002288819,Jun,5.56142859231858,8.707800035476685,5.625714302062988,8.88800004005432,0
2022-06-03,5.53000020980835,5.739999771118164,5.445000171661377,5.670000076293945,3319900,-0.04655171931853064,1.2337929584945304,8.53440004348755,12.771600005626679,Jun,5.46761907849993,8.53440004348755,5.56142859231858,8.707800035476685,0
2022-06-06,5.639999866485596,5.980000019073486,5.585000038146973,5.739999771118164,5976700,0.01989143806579685,1.2364854451774796,8.368200044631958,12.749800004959106,Jun,5.439523833138602,8.368200044631958,5.46761907849993,8.53440004348755,0
2022-06-07,5.519999980926514,5.78000020980835,5.289999961853027,5.579999923706055,5055400,-0.02127657595741339,1.2364126965092876,8.215000038146973,12.727450006008148,Jun,5.420476209549677,8.215000038146973,5.439523833138602,8.368200044631958,0
2022-06-08,5.840000152587891,6.034999847412109,5.519999980926514,5.53000020980835,5453800,0.057971045791138875,1.2156457820095479,8.069000034332275,12.706850006580353,Jun,5.456666696639288,8.069000034332275,5.420476209549677,8.215000038146973,0
2022-06-09,5.320000171661377,5.860000133514404,5.320000171661377,5.860000133514404,4089600,-0.08904109029793172,1.2362509489616873,7.927600030899048,12.683550009727478,Jun,5.477619080316453,7.927600030899048,5.456666696639288,8.069000034332275,0
2022-06-10,4.909999847412109,5.349999904632568,4.900000095367432,5.179999828338623,5176100,-0.0770677276352848,1.2482471916944826,7.778400030136108,12.658500008583069,Jun,5.50476192292713,7.778400030136108,5.477619080316453,7.927600030899048,0
2022-06-13,4.519999980926514,4.789999961853027,4.5,4.630000114440918,5082700,-0.07942971051030712,1.257680950910936,7.613600025177002,12.631300008296966,Jun,5.493333339691162,7.613600025177002,5.50476192292713,7.778400030136108,0
2022-06-14,4.610000133514404,4.695000171661377,4.385000228881836,4.630000114440918,3952000,0.019911538267184392,1.2612222916615425,7.44580002784729,12.604450011253357,Jun,5.465238117036366,7.44580002784729,5.493333339691162,7.613600025177002,0
2022-06-15,5.0,5.110000133514404,4.639999866485596,4.650000095367432,6368100,0.08459866706951313,1.2717557871195369,7.274200029373169,12.579550013542175,Jun,5.471904777345204,7.274200029373169,5.465238117036366,7.44580002784729,0
2022-06-16,4.760000228881836,4.925000190734863,4.599999904632568,4.739999771118164,5456000,-0.04799995422363279,1.2645689970187681,7.118800039291382,12.553400015830993,Jun,5.426666691189721,7.118800039291382,5.471904777345204,7.274200029373169,0
2022-06-17,5.039999961853027,5.119999885559082,4.800000190734863,4.960000038146973,6562600,0.05882347048478298,1.1884348076443334,6.973600034713745,12.528750014305114,Jun,5.407142888932001,6.973600034713745,5.426666691189721,7.118800039291382,0
2022-06-21,5.139999866485596,5.46999979019165,5.119999885559082,5.179999828338623,5844000,0.019841251069335764,1.1824319829713772,6.827600040435791,12.504600012302399,Jun,5.374285743350074,6.827600040435791,5.407142888932001,6.973600034713745,0
2022-06-22,4.989999771118164,5.320000171661377,4.940000057220459,5.010000228881836,4738900,-0.029182898689449233,1.1094581951168512,6.68100004196167,12.479650013446808,Jun,5.343809536525181,6.68100004196167,5.374285743350074,6.827600040435791,0
2022-06-23,5.119999885559082,5.130000114440918,4.840000152587891,5.019999980926514,3056700,0.026052128337430203,1.1045934684866359,6.567600040435791,12.455200011730193,Jun,5.3133333297002885,6.567600040435791,5.343809536525181,6.68100004196167,0
2022-06-24,5.110000133514404,5.320000171661377,5.090000152587891,5.130000114440918,18820700,-0.0019530766148807555,1.0502185133125572,6.450000047683716,12.430750012397766,Jun,5.300000009082613,6.450000047683716,5.3133333297002885,6.567600040435791,0
2022-06-27,4.829999923706055,5.28000020980835,4.809999942779541,5.210000038146973,3395500,-0.054794560174654894,1.0299726576700654,6.319200048446655,12.404550013542176,Jun,5.257619063059489,6.319200048446655,5.300000009082613,6.450000047683716,0
2022-06-28,4.690000057220459,5.079999923706055,4.664999961853027,4.909999847412109,2874700,-0.028985480061493263,0.9974209067091887,6.199800052642822,12.378000013828277,Jun,5.206666673932757,6.199800052642822,5.257619063059489,6.319200048446655,0
2022-06-29,4.460000038146973,4.699999809265137,4.420000076293945,4.699999809265137,3166200,-0.049040515195600376,0.989427336921699,6.0770000457763675,12.350200011730195,Jun,5.136666683923631,6.0770000457763675,5.206666673932757,6.199800052642822,0
2022-06-30,4.380000114440918,4.480000019073486,4.215000152587891,4.420000076293945,3177100,-0.01793720247125663,0.8377002331477267,5.946200046539307,12.322100012302398,Jun,5.071428594135103,5.946200046539307,5.136666683923631,6.0770000457763675,0
2022-07-01,4.389999866485596,4.489999771118164,4.300000190734863,4.380000114440918,2211500,0.00228304835237525,0.8302427877701216,5.838000040054322,12.294000010490418,Jul,5.028571446736653,5.838000040054322,5.071428594135103,5.946200046539307,0
2022-07-05,4.550000190734863,4.550000190734863,4.21999979019165,4.320000171661377,2319200,0.03644654421763249,0.8092529625223563,5.7390000438690185,12.266500010490418,Jul,4.969047637212844,5.7390000438690185,5.028571446736653,5.838000040054322,0
2022-07-06,4.610000133514404,4.650000095367432,4.454999923706055,4.519999980926514,2414000,0.0131868000581008,0.8070159443051613,5.647600040435791,12.239250009059907,Jul,4.925238109770275,5.647600040435791,4.969047637212844,5.7390000438690185,0
2022-07-07,5.050000190734863,5.059999942779541,4.510000228881836,4.679999828338623,2772300,0.09544469511436393,0.8550201472065077,5.565800037384033,12.214450008869171,Jul,4.8971428871154785,5.565800037384033,4.925238109770275,5.647600040435791,0
2022-07-08,5.070000171661377,5.119999885559082,4.815000057220459,4.889999866485596,2286300,0.003960392113094846,0.8351760509715486,5.505200033187866,12.189550008773804,Jul,4.87571432476952,5.505200033187866,4.8971428871154785,5.565800037384033,0
2022-07-11,4.610000133514404,4.994999885559082,4.610000133514404,4.960000038146973,2197500,-0.09072978748958038,0.8531918585329823,5.4334000396728515,12.162650010585786,Jul,4.817142895289829,5.4334000396728515,4.87571432476952,5.505200033187866,0
2022-07-12,4.46999979019165,4.7789998054504395,4.460000038146973,4.639999866485596,2144900,-0.030368837151426575,0.8552054770039078,5.356600027084351,12.134950008392334,Jul,4.776666686648414,5.356600027084351,4.817142895289829,5.4334000396728515,0
2022-07-13,4.429999828338623,4.53000020980835,4.289999961853027,4.329999923706055,1950200,-0.008948537747316632,0.8481667703050475,5.287800025939942,12.100600006580352,Jul,4.75380954288301,5.287800025939942,4.776666686648414,5.356600027084351,0
2022-07-14,4.389999866485596,4.480000019073486,4.309999942779541,4.429999828338623,1965500,-0.009029337111290281,0.845595246859225,5.218400020599365,12.062850008010864,Jul,4.7476190612429665,5.218400020599365,4.75380954288301,5.287800025939942,0
2022-07-15,4.53000020980835,4.53000020980835,4.340000152587891,4.480000019073486,1910100,0.03189073976779655,0.8242428578484249,5.166000022888183,12.030150010585785,Jul,4.743809541066487,5.166000022888183,4.7476190612429665,5.218400020599365,0
2022-07-18,4.590000152587891,4.769999980926514,4.559999942779541,4.630000114440918,2542100,0.013245019867687668,0.7697793159652653,5.107800025939941,11.998450009822845,Jul,4.724285738808768,5.107800025939941,4.743809541066487,5.166000022888183,0
2022-07-19,4.730000019073486,4.869999885559082,4.599999904632568,4.690000057220459,2264900,0.030501059222549864,0.7674418901441844,5.077800025939942,11.970100011825561,Jul,4.722857157389323,5.077800025939942,4.724285738808768,5.107800025939941,0
2022-07-20,5.119999885559082,5.21999979019165,4.760000228881836,4.769999980926514,3309200,0.08245240273000864,0.8049117506731943,5.061800022125244,11.949700012207032,Jul,4.7266666775658015,5.061800022125244,4.722857157389323,5.077800025939942,0
2022-07-21,5.260000228881836,5.260000228881836,4.980000019073486,5.059999942779541,2389600,0.027343817666407366,0.8071111179309924,5.06540002822876,11.938450012207031,Jul,4.732380980537052,5.06540002822876,4.7266666775658015,5.061800022125244,0
2022-07-22,4.880000114440918,5.230000019073486,4.784999847412109,5.210000038146973,2083000,-0.07224336462086012,0.8135540053273564,5.06540002822876,11.924200012683869,Jul,4.7271429016476585,5.06540002822876,4.732380980537052,5.06540002822876,0
2022-07-25,4.940000057220459,5.008999824523926,4.829999923706055,4.929999828338623,1535200,0.01229506995337748,0.7743247796768336,5.077400026321411,11.912650012969971,Jul,4.7185714812505815,5.077400026321411,4.7271429016476585,5.06540002822876,0
2022-07-26,4.71999979019165,4.909999847412109,4.670000076293945,4.889999866485596,2001000,-0.04453446649403359,0.7520892365027161,5.076600017547608,11.898100011348724,Jul,4.70000003633045,5.076600017547608,4.7185714812505815,5.077400026321411,0
2022-07-27,5.099999904632568,5.144999980926514,4.760000228881836,4.840000152587891,1607800,0.08050850240090557,0.7485769825370293,5.074600019454956,11.881550011634827,Jul,4.712857178279331,5.074600019454956,4.70000003633045,5.076600017547608,0
2022-07-28,5.289999961853027,5.289999961853027,5.010000228881836,5.090000152587891,2223100,0.03725491387713031,0.7532318484238029,5.0832000160217286,11.865800013542176,Jul,4.741428602309454,5.0832000160217286,4.712857178279331,5.074600019454956,0
2022-07-29,5.400000095367432,5.409999847412109,5.139999866485596,5.190000057220459,1921300,0.020793976239627865,0.7169677601569101,5.077000017166138,11.850150015354156,Jul,4.786190509796143,5.077000017166138,4.741428602309454,5.0832000160217286,0
2022-08-01,5.25,5.440000057220459,5.190000057220459,5.409999847412109,2756200,-0.027777794947839718,0.7066539852820208,5.073000020980835,11.830200016498566,Aug,4.8276190757751465,5.073000020980835,4.786190509796143,5.077000017166138,0
2022-08-02,5.510000228881836,5.610000133514404,5.150000095367432,5.170000076293945,2105300,0.04952385312034968,0.7009010726638122,5.066600027084351,11.808650019168853,Aug,4.880952426365444,5.066600027084351,4.8276190757751465,5.073000020980835,0
2022-08-03,5.900000095367432,5.929999828338623,5.579999923706055,5.610000133514404,3126700,0.07078037210258703,0.7260554086886607,5.072000026702881,11.787900018692017,Aug,4.945238136109852,5.072000026702881,4.880952426365444,5.066600027084351,0
2022-08-04,6.199999809265137,6.28000020980835,5.949999809265137,6.03000020980835,3978200,0.05084740831330814,0.7297659696206283,5.080800018310547,11.765450019836425,Aug,5.020952406383696,5.080800018310547,4.945238136109852,5.072000026702881,0
2022-08-05,6.420000076293945,6.434999942779541,6.059999942779541,6.179999828338623,4247800,0.03548391512852067,0.7322693651585873,5.101400022506714,11.743000020980835,Aug,5.0861904961722235,5.101400022506714,5.020952406383696,5.080800018310547,0
2022-08-08,6.130000114440918,6.650000095367432,6.110000133514404,6.519999980926514,3667400,-0.04517133308516019,0.7482192392738933,5.109600028991699,11.721450023651123,Aug,5.136666683923631,5.109600028991699,5.0861904961722235,5.101400022506714,1
2022-08-09,5.71999979019165,6.03000020980835,5.610000133514404,6.010000228881836,3070400,-0.06688422782952286,0.757678177917669,5.108800020217895,11.699150021076202,Aug,5.189523810432071,5.108800020217895,5.136666683923631,5.109600028991699,0
2022-08-10,6.329999923706055,6.400000095367432,5.980000019073486,6.039999961853027,4736100,0.10664338389669181,0.802717394351275,5.116800022125244,11.682500021457672,Aug,5.278095245361328,5.116800022125244,5.189523810432071,5.108800020217895,0
2022-08-11,6.070000171661377,6.559999942779541,6.054999828338623,6.460000038146973,2952000,-0.04107421092865582,0.79783320120637,5.1232000255584715,11.661450023651122,Aug,5.356190499805269,5.1232000255584715,5.278095245361328,5.116800022125244,0
2022-08-12,6.210000038146973,6.289999961853027,5.980000019073486,6.289999961853027,3073500,0.023064227763815337,0.7935078771892817,5.14160002708435,11.63990002155304,Aug,5.442857174646287,5.14160002708435,5.356190499805269,5.1232000255584715,0
2022-08-15,6.360000133514404,6.5,6.190000057220459,6.239999771118164,3837700,0.024154604580677308,0.7934954285198265,5.152800025939942,11.610300023555755,Aug,5.530000028156099,5.152800025939942,5.442857174646287,5.14160002708435,0
2022-08-16,8.380000114440918,8.609999656677246,7.079999923706055,7.110000133514404,21302900,0.31761005322657176,1.1853880724480452,5.209800024032592,11.584050023555756,Aug,5.710476216815767,5.209800024032592,5.530000028156099,5.152800025939942,0
2022-08-17,7.860000133514404,8.229999542236328,7.610000133514404,8.039999961853027,6813600,-0.06205250284309882,1.2105942463204136,5.254200029373169,11.548150024414063,Aug,5.859523841312954,5.254200029373169,5.710476216815767,5.209800024032592,0
2022-08-18,7.630000114440918,8.260000228881836,7.619999885559082,8.239999771118164,5666600,-0.02926208844358469,1.1973901881740765,5.296400032043457,11.508000025749206,Aug,5.979047661735898,5.296400032043457,5.859523841312954,5.254200029373169,0
2022-08-19,6.619999885559082,7.339000225067139,6.590000152587891,7.25,5497200,-0.1323722429532156,1.2724812502894414,5.312000026702881,11.466100025177003,Aug,6.0438095501491,5.312000026702881,5.979047661735898,5.296400032043457,0
2022-08-22,6.420000076293945,6.639999866485596,6.28000020980835,6.429999828338623,3411700,-0.030211452072894662,1.241828399518841,5.334000024795532,11.421450023651124,Aug,6.117142881665911,5.334000024795532,6.0438095501491,5.312000026702881,0
2022-08-23,6.429999828338623,6.71999979019165,6.400000095367432,6.5,2341200,0.0015575937579195287,1.235388122955946,5.364400024414063,11.371450021266938,Aug,6.188095251719157,5.364400024414063,6.117142881665911,5.334000024795532,0
2022-08-24,6.579999923706055,7.114999771118164,6.380000114440918,6.46999979019165,4483900,0.023328164754584213,1.2335187347954404,5.4056000232696535,11.30800001859665,Aug,6.276666686648414,5.4056000232696535,6.188095251719157,5.364400024414063,0
2022-08-25,6.840000152587891,6.869999885559082,6.539999961853027,6.739999771118164,2887900,0.03951371305417828,1.232998015388481,5.450200023651123,11.23545001745224,Aug,6.359523841312954,5.450200023651123,6.276666686648414,5.4056000232696535,0
2022-08-26,6.190000057220459,6.849999904632568,6.150000095367432,6.829999923706055,4455700,-0.09502925158876008,1.2743691171173235,5.474000024795532,11.153750014305114,Aug,6.4023809887114025,5.474000024795532,6.359523841312954,5.450200023651123,0
2022-08-29,6.190000057220459,6.364999771118164,6.0,6.0,2057600,0.0,1.2749560033539704,5.502600021362305,11.093550016880036,Aug,6.440000034513927,5.502600021362305,6.4023809887114025,5.474000024795532,0
2022-08-30,5.880000114440918,6.300000190734863,5.800000190734863,6.300000190734863,3319700,-0.05008076573730158,1.286627438972312,5.519400024414063,11.02670001745224,Aug,6.470000039963495,5.519400024414063,6.440000034513927,5.502600021362305,0
2022-08-31,5.940000057220459,6.047999858856201,5.769999980926514,6.010000228881836,2732200,0.010204071702683226,1.2682878247636804,5.53540002822876,10.955650019645692,Aug,6.490476222265334,5.53540002822876,6.470000039963495,5.519400024414063,0
2022-09-01,5.789999961853027,5.860000133514404,5.590000152587891,5.840000152587891,2442600,-0.02525254106438879,1.2704067512722412,5.551400032043457,10.885500020980835,Sep,6.48523812066941,5.551400032043457,6.490476222265334,5.53540002822876,0
2022-09-02,5.699999809265137,5.900000095367432,5.60099983215332,5.900000095367432,2116600,-0.015544067906882564,1.2505134917813951,5.563000030517578,10.782100024223327,Sep,6.461428596859887,5.563000030517578,6.48523812066941,5.551400032043457,0
2022-09-06,5.630000114440918,5.800000190734863,5.565000057220459,5.789999961853027,2140000,-0.01228064862571343,1.2517982590236836,5.573400030136108,10.655250024795532,Sep,6.423809551057362,5.573400030136108,6.461428596859887,5.563000030517578,0
2022-09-07,5.300000190734863,5.659999847412109,5.150000095367432,5.579999923706055,4190000,-0.05861455008848171,1.2574996146512236,5.5828000354766845,10.541950030326843,Sep,6.384285745166597,5.5828000354766845,6.423809551057362,5.573400030136108,0
2022-09-08,5.239999771118164,5.360000133514404,5.090000152587891,5.300000190734863,2949700,-0.011320833482532322,1.238658499039891,5.593800029754639,10.428100028038024,Sep,6.361428601401193,5.593800029754639,6.384285745166597,5.5828000354766845,0
2022-09-09,5.389999866485596,5.489999771118164,5.239999771118164,5.289999961853027,3018200,0.028625973648739977,1.2368720339161363,5.612400026321411,10.339150025844575,Sep,6.316666693914504,5.612400026321411,6.361428601401193,5.593800029754639,0
2022-09-12,5.920000076293945,5.925000190734863,5.429999828338623,5.449999809265137,3295400,0.09833028254858234,1.2664583354758205,5.643200025558472,10.243950030803681,Sep,6.309523832230341,5.643200025558472,6.316666693914504,5.612400026321411,0
2022-09-13,5.590000152587891,5.75,5.480000019073486,5.570000171661377,2841400,-0.05574322963736211,1.2754802704040265,5.667200031280518,10.142100036144257,Sep,6.280000028156099,5.667200031280518,6.309523832230341,5.643200025558472,0
2022-09-14,5.789999961853027,5.960000038146973,5.460000038146973,5.630000114440918,2474700,0.03577814021571113,1.2719241099476901,5.692000026702881,10.050150034427643,Sep,6.2528571628388905,5.692000026702881,6.280000028156099,5.667200031280518,0
2022-09-15,5.760000228881836,5.980000019073486,5.590000152587891,5.679999828338623,2272800,-0.005181301065430466,1.2564875062974556,5.71500002861023,9.958550035953522,Sep,6.1280952635265535,5.71500002861023,6.2528571628388905,5.692000026702881,0
2022-09-16,5.489999771118164,5.679999828338623,5.409999847412109,5.679999828338623,4046500,-0.04687507761021148,1.2553745954808773,5.723800020217896,9.866900036334991,Sep,6.015238103412447,5.723800020217896,6.1280952635265535,5.71500002861023,0
2022-09-19,5.389999866485596,5.510000228881836,5.230000019073486,5.409999847412109,1897200,-0.01821491963599864,1.2513470634725237,5.73020001411438,9.79010003566742,Sep,5.908571424938383,5.73020001411438,6.015238103412447,5.723800020217896,0
2022-09-20,5.269999980926514,5.420000076293945,5.210000038146973,5.360000133514404,1587400,-0.022263430154280228,1.2464025875895597,5.743400011062622,9.709200031757355,Sep,5.844285715193975,5.743400011062622,5.908571424938383,5.73020001411438,0
2022-09-21,5.199999809265137,5.519999980926514,5.175000190734863,5.329999923706055,1994200,-0.013282765069207891,1.2318699693774782,5.758000011444092,9.641300027370454,Sep,5.78619046438308,5.758000011444092,5.844285715193975,5.743400011062622,0
2022-09-22,4.96999979019165,5.25,4.855000019073486,5.25,2815000,-0.04423077452112256,1.194863814929268,5.768800010681153,9.572200021743775,Sep,5.716666653042748,5.768800010681153,5.78619046438308,5.758000011444092,-1
2022-09-23,4.769999980926514,4.9029998779296875,4.650000095367432,4.820000171661377,2464100,-0.04024141201370646,1.1946511245998137,5.776400012969971,9.488400018215179,Sep,5.630476179577055,5.776400012969971,5.716666653042748,5.768800010681153,0
2022-09-26,4.789999961853027,5.03000020980835,4.730000019073486,4.75,1960900,0.004192868135531658,1.1919751862639278,5.781600008010864,9.407500021457672,Sep,5.532857122875395,5.781600008010864,5.630476179577055,5.776400012969971,0
2022-09-27,4.840000152587891,5.050000190734863,4.769999980926514,4.980000019073486,1459900,0.010438453263686531,1.1896046312940354,5.786600008010864,9.338650019168854,Sep,5.468571413130987,5.786600008010864,5.532857122875395,5.781600008010864,0
2022-09-28,5.070000171661377,5.119999885559082,4.730000019073486,4.75,1598700,0.04752066359967122,0.7113501756291981,5.793400011062622,9.271150021553039,Sep,5.415238085247221,5.793400011062622,5.468571413130987,5.786600008010864,0
2022-09-29,4.78000020980835,4.989999771118164,4.659999847412109,4.920000076293945,1630100,-0.05719920158464176,0.7087315326546435,5.786600017547608,9.211700022220612,Sep,5.362857137407575,5.786600017547608,5.415238085247221,5.793400011062622,0
2022-09-30,5.070000171661377,5.5,4.929999828338623,5.090000152587891,8108900,0.06066944542344577,0.7407160730184842,5.782800016403198,9.15655002117157,Sep,5.321428571428571,5.782800016403198,5.362857137407575,5.786600017547608,0
2022-10-03,5.260000228881836,5.309999942779541,4.965000152587891,5.179999828338623,2732100,0.0374753551848892,0.6610764926748905,5.790400018692017,9.093650021553039,Oct,5.2961904889061335,5.790400018692017,5.321428571428571,5.782800016403198,0
2022-10-04,5.880000114440918,5.980000019073486,5.409999847412109,5.429999828338623,4339500,0.11787069554764651,0.7489748015736645,5.8092000198364255,9.042750024795533,Oct,5.304761932009742,5.8092000198364255,5.2961904889061335,5.790400018692017,0
2022-10-05,5.710000038146973,5.789999961853027,5.489999771118164,5.610000133514404,2577600,-0.028911577038312597,0.7529614625956912,5.8290000247955325,8.987450022697448,Oct,5.3085714521862215,5.8290000247955325,5.304761932009742,5.8092000198364255,0
2022-10-06,5.639999866485596,5.920000076293945,5.610000133514404,5.730000019073486,1822400,-0.012259224377184741,0.7492540217310008,5.839800024032593,8.939250023365021,Oct,5.324761912936256,5.839800024032593,5.3085714521862215,5.8290000247955325,0
2022-10-07,5.28000020980835,5.53000020980835,5.25,5.449999809265137,2564300,-0.06382972787224006,0.7568527576362125,5.8396000289917,8.884750022888184,Oct,5.326666695731027,5.8396000289917,5.324761912936256,5.839800024032593,0
2022-10-10,5.070000171661377,5.340000152587891,4.980000019073486,5.320000171661377,2163200,-0.03977273291710626,0.7172346529333987,5.833000030517578,8.82600002527237,Oct,5.311428615025112,5.833000030517578,5.326666695731027,5.8396000289917,0
2022-10-11,4.889999866485596,5.059999942779541,4.519999980926514,5.010000228881836,2791900,-0.03550301757027308,0.722161449717605,5.82580002784729,8.76115002155304,Oct,5.262380985986619,5.82580002784729,5.311428615025112,5.833000030517578,0
2022-10-12,5.050000190734863,5.054999828338623,4.809999942779541,4.920000076293945,1882900,0.03271990360283139,0.7189555441652683,5.816600027084351,8.694900026321411,Oct,5.236666702088856,5.816600027084351,5.262380985986619,5.82580002784729,0
2022-10-13,5.179999828338623,5.199999809265137,4.679999828338623,4.78000020980835,2844500,0.025742501523518202,0.7230388817895702,5.802200021743775,8.635450026988984,Oct,5.207619076683407,5.802200021743775,5.236666702088856,5.816600027084351,0
2022-10-14,4.869999885559082,5.335000038146973,4.860000133514404,5.269999980926514,1725400,-0.05984555078237652,0.73883135396074,5.775600023269654,8.571300022602081,Oct,5.165238107953753,5.775600023269654,5.207619076683407,5.802200021743775,0
2022-10-17,5.139999866485596,5.25600004196167,5.039999961853027,5.050000190734863,1911600,0.05544147582572623,0.7581897206787641,5.750000019073486,8.508350024223327,Oct,5.148571445828392,5.750000019073486,5.165238107953753,5.775600023269654,0
2022-10-18,5.079999923706055,5.389999866485596,5.005000114440918,5.340000152587891,1966500,-0.01167314092180416,0.7581226795499344,5.729000015258789,8.45025002002716,Oct,5.133809543791271,5.729000015258789,5.148571445828392,5.750000019073486,0
2022-10-19,5.010000228881836,5.079999923706055,4.8979997634887695,5.019999980926514,1571500,-0.013779467692029312,0.7401250812675655,5.714800024032593,8.387950024604798,Oct,5.121428603217716,5.714800024032593,5.133809543791271,5.729000015258789,0
2022-10-20,5.070000171661377,5.25,4.96999979019165,5.0,1771200,0.011976035935817197,0.7403393216952879,5.689600028991699,8.331100022792816,Oct,5.115238144284203,5.689600028991699,5.121428603217716,5.714800024032593,0
2022-10-21,5.130000114440918,5.150000095367432,4.954999923706055,5.070000171661377,1309700,0.01183430783985151,0.7362725251128136,5.67080002784729,8.279850022792816,Oct,5.122857207343692,5.67080002784729,5.115238144284203,5.689600028991699,0
2022-10-24,5.059999942779541,5.150000095367432,4.920000076293945,5.150000095367432,1746500,-0.013645257329395921,0.6744210983851945,5.647800025939941,8.230950021743775,Oct,5.136666729336693,5.647800025939941,5.122857207343692,5.67080002784729,0
2022-10-25,5.400000095367432,5.479000091552734,5.099999904632568,5.110000133514404,2707200,0.06719370680489045,0.6870322072579889,5.628600025177002,8.186100022792816,Oct,5.165714354742141,5.628600025177002,5.136666729336693,5.647800025939941,0
2022-10-26,5.53000020980835,5.599999904632568,5.25,5.28000020980835,2849100,0.02407409484167289,0.6825196681848743,5.571600027084351,8.145200023651123,Oct,5.198571500324068,5.571600027084351,5.165714354742141,5.628600025177002,0
2022-10-27,5.46999979019165,5.739999771118164,5.400000095367432,5.590000152587891,2447500,-0.010849985052492128,0.6830441001771452,5.523800020217895,8.099100024700165,Oct,5.217619101206462,5.523800020217895,5.198571500324068,5.571600027084351,0
2022-10-28,5.690000057220459,5.699999809265137,5.449999809265137,5.460000038146973,1878400,0.04021942878741869,0.6786661924518963,5.485000019073486,8.057100024223327,Oct,5.260952427273705,5.485000019073486,5.217619101206462,5.523800020217895,0
2022-10-31,5.889999866485596,5.934999942779541,5.650000095367432,5.650000095367432,2494000,0.03514935101122574,0.6824244603549326,5.4704000186920165,8.021650025844574,Oct,5.300000031789144,5.4704000186920165,5.260952427273705,5.485000019073486,0
2022-11-01,5.610000133514404,6.090000152587891,5.599999904632568,6.0,2143400,-0.04753815608119183,0.6946479249179903,5.454200019836426,7.9850500249862675,Nov,5.316666693914504,5.454200019836426,5.300000031789144,5.4704000186920165,0
2022-11-02,5.329999923706055,5.704999923706055,5.324999809265137,5.630000114440918,1868300,-0.0499109096514303,0.7100489976107687,5.432200021743775,7.950700025558472,Nov,5.290476208641415,5.432200021743775,5.316666693914504,5.454200019836426,0
2022-11-03,5.159999847412109,5.400000095367432,5.150000095367432,5.320000171661377,1658300,-0.03189494910456603,0.7039773987202494,5.403800020217895,7.917550024986267,Nov,5.264285723368327,5.403800020217895,5.290476208641415,5.432200021743775,0
2022-11-04,5.159999847412109,5.369999885559082,5.019999980926514,5.349999904632568,2237700,0.0,0.6924684576568887,5.3702000141143795,7.884750022888183,Nov,5.241428579602923,5.3702000141143795,5.264285723368327,5.403800020217895,0
2022-11-07,5.269999980926514,5.28000020980835,5.064000129699707,5.210000038146973,1461400,0.02131785596264546,0.6943869398706511,5.351800012588501,7.856700022220611,Nov,5.240952378227597,5.351800012588501,5.241428579602923,5.3702000141143795,0
2022-11-08,4.960000038146973,5.309999942779541,4.929999828338623,5.300000190734863,3762100,-0.05882351876689007,0.7175244518382504,5.327200012207031,7.827050020694733,Nov,5.235714276631673,5.327200012207031,5.240952378227597,5.351800012588501,0
2022-11-09,4.610000133514404,5.0,4.610000133514404,5.0,3297900,-0.07056449635902151,0.7335709001163265,5.301800012588501,7.797900023460389,Nov,5.222380956013997,5.301800012588501,5.235714276631673,5.327200012207031,0
2022-11-10,5.559999942779541,5.559999942779541,5.059999942779541,5.059999942779541,4050800,0.20607370536905179,0.9319048490983769,5.294200010299683,7.772150022983551,Nov,5.246666658492315,5.294200010299683,5.222380956013997,5.301800012588501,0
2022-11-11,5.829999923706055,5.929999828338623,5.369999885559082,5.519999980926514,3027400,0.048561148148418054,0.9264485112606525,5.295000009536743,7.753750021457672,Nov,5.277619043986003,5.295000009536743,5.246666658492315,5.294200010299683,0
2022-11-14,5.989999771118164,6.079999923706055,5.639999866485596,5.78000020980835,3930500,0.027444228045615304,0.9239613890758059,5.300800008773804,7.733250019550323,Nov,5.330952371869769,5.300800008773804,5.277619043986003,5.295000009536743,1
2022-11-15,5.650000095367432,6.269999980926514,5.46999979019165,5.820000171661377,6816900,-0.05676121681842139,0.8775112534848023,5.301200008392334,7.704300022125244,Nov,5.355238097054618,5.301200008392334,5.330952371869769,5.300800008773804,0
2022-11-16,5.25,5.630000114440918,5.199999809265137,5.599999904632568,2695800,-0.07079647586119531,0.89769768421542,5.300200004577636,7.669550023078918,Nov,5.363333338782901,5.300200004577636,5.355238097054618,5.301200008392334,0
2022-11-17,4.909999847412109,5.099999904632568,4.800000190734863,5.0,5582500,-0.06476193382626483,0.9159664798913059,5.2936000061035156,7.636650023460388,Nov,5.358571415855771,5.2936000061035156,5.363333338782901,5.300200004577636,0
2022-11-18,4.920000076293945,5.070000171661377,4.829999923706055,5.070000171661377,3034500,0.002036706556540313,0.8977129296554818,5.284200010299682,7.604300022125244,Nov,5.351428554171608,5.284200010299682,5.358571415855771,5.2936000061035156,0
2022-11-21,4.800000190734863,4.940000057220459,4.75,4.940000057220459,2345600,-0.024390220263873164,0.8930162790829667,5.261800012588501,7.563800024986267,Nov,5.3357142720903665,5.261800012588501,5.351428554171608,5.284200010299682,0
2022-11-22,4.849999904632568,4.889999866485596,4.739999771118164,4.869999885559082,1689300,0.010416606648103066,0.8872139385471917,5.247000007629395,7.5221000266075135,Nov,5.325714270273845,5.247000007629395,5.3357142720903665,5.261800012588501,0
2022-11-23,4.980000019073486,4.989999771118164,4.829999923706055,4.920000076293945,2242200,0.026804147834466052,0.8855497612168991,5.230800008773803,7.482200026512146,Nov,5.305714266640799,5.230800008773803,5.325714270273845,5.247000007629395,0
2022-11-25,4.909999847412109,5.010000228881836,4.909999847412109,4.949999809265137,756700,-0.014056259315918695,0.883384295986157,5.213800001144409,7.435400023460388,Nov,5.276190439860026,5.213800001144409,5.305714266640799,5.230800008773803,0
2022-11-28,4.940000057220459,5.019999980926514,4.849999904632568,4.880000114440918,1998900,0.006110022554106864,0.8652866364076509,5.202800006866455,7.386300022602081,Nov,5.250952357337589,5.202800006866455,5.276190439860026,5.213800001144409,0
2022-11-29,4.829999923706055,5.0,4.809999942779541,4.989999771118164,1631500,-0.02226723324701685,0.852675676133188,5.191600008010864,7.326350023746491,Nov,5.209999970027378,5.191600008010864,5.250952357337589,5.202800006866455,0
2022-11-30,5.159999847412109,5.159999847412109,4.789999961853027,4.909999847412109,3408600,0.06832296664983084,0.874999697520197,5.189400005340576,7.269450018405914,Nov,5.175238064357212,5.189400005340576,5.209999970027378,5.191600008010864,-1
2022-12-01,4.960000038146973,5.260000228881836,4.949999809265137,5.119999885559082,2318800,-0.03875965410453308,0.881861873340478,5.184600009918213,7.211350018978119,Dec,5.144285678863525,5.184600009918213,5.175238064357212,5.189400005340576,0
2022-12-02,4.940000057220459,4.980000019073486,4.744999885559082,4.849999904632568,2881700,-0.004032254188043427,0.8813640740105158,5.184000015258789,7.1569500207901005,Dec,5.125714256649926,5.184000015258789,5.144285678863525,5.184600009918213,0
2022-12-05,4.650000095367432,4.900000095367432,4.610000133514404,4.860000133514404,3261300,-0.058704445039257536,0.8970871066253028,5.181600017547607,7.102800023555756,Dec,5.101428554171608,5.181600017547607,5.125714256649926,5.184000015258789,0
2022-12-06,4.349999904632568,4.710000038146973,4.329999923706055,4.679999828338623,3876800,-0.06451616872733801,0.9148631861778564,5.172800016403198,7.051150021553039,Dec,5.062857128324962,5.172800016403198,5.101428554171608,5.181600017547607,0
2022-12-07,4.349999904632568,4.440000057220459,4.311999797821045,4.369999885559082,2317300,0.0,0.8901402274394389,5.163000011444092,7.000250022411347,Dec,5.019047600882394,5.163000011444092,5.062857128324962,5.172800016403198,0
2022-12-08,4.619999885559082,4.690000057220459,4.34499979019165,4.449999809265137,2050700,0.062068962493303736,0.9078329553284377,5.154000005722046,6.954750020503997,Dec,5.002857117425828,5.154000005722046,5.019047600882394,5.163000011444092,0
2022-12-09,4.480000019073486,4.679999828338623,4.480000019073486,4.590000152587891,1617800,-0.030303002154437042,0.910766883597758,5.148000001907349,6.8991500186920165,Dec,4.996666635785784,5.148000001907349,5.002857117425828,5.154000005722046,0
2022-12-12,4.46999979019165,4.489999771118164,4.375,4.429999828338623,2150300,-0.00223219393733487,0.9006580161320926,5.135999994277954,6.846000015735626,Dec,4.944761866614932,5.135999994277954,4.996666635785784,5.148000001907349,0
2022-12-13,4.320000171661377,4.755000114440918,4.269999980926514,4.699999809265137,3858800,-0.03355696321494506,0.8950225011493106,5.117199993133545,6.787700018882751,Dec,4.872857116517567,5.117199993133545,4.944761866614932,5.135999994277954,0
2022-12-14,4.230000019073486,4.505000114440918,4.170000076293945,4.369999885559082,3240600,-0.020833367826760707,0.8883062231354697,5.084199991226196,6.7363500189781185,Dec,4.789047604515439,5.084199991226196,4.872857116517567,5.117199993133545,0
2022-12-15,3.9100000858306885,4.199999809265137,3.880000114440918,4.159999847412109,5457100,-0.0756501020803515,0.9019039130540496,5.048199992179871,6.682600020170212,Dec,4.706190461204166,5.048199992179871,4.789047604515439,5.084199991226196,0
2022-12-16,3.859999895095825,3.9700000286102295,3.7750000953674316,3.9600000381469727,4233000,-0.012787772285749344,0.8993472399449373,5.012599992752075,6.635500020980835,Dec,4.639999980018253,5.012599992752075,4.706190461204166,5.048199992179871,0
2022-12-19,3.700000047683716,3.9100000858306885,3.640000104904175,3.869999885559082,3166000,-0.04145073879804795,0.9040926443555943,4.9809999895095824,6.59205001950264,Dec,4.582380941935948,4.9809999895095824,4.639999980018253,5.012599992752075,0
2022-12-20,3.7100000381469727,3.809999942779541,3.625,3.700000047683716,2835700,0.0027027000903734333,0.9001735333874505,4.953799986839295,6.551150017976761,Dec,4.524761892500377,4.953799986839295,4.582380941935948,4.9809999895095824,0
2022-12-21,3.690000057220459,3.8299999237060547,3.6600000858306885,3.7699999809265137,2052700,-0.0053908303829838244,0.8883140594633488,4.929799990653992,6.510750015974045,Dec,4.471904743285406,4.929799990653992,4.524761892500377,4.953799986839295,0
2022-12-22,3.369999885559082,3.634999990463257,3.359999895095825,3.619999885559082,5613300,-0.086720912384598,0.8993087998613253,4.896199984550476,6.46510001540184,Dec,4.401428551900954,4.896199984550476,4.471904743285406,4.929799990653992,0
2022-12-23,3.299999952316284,3.4000000953674316,3.2699999809265137,3.390000104904175,4519200,-0.020771494249230527,0.6272463905093518,4.858599987030029,6.417850015163421,Dec,4.32142854872204,4.858599987030029,4.401428551900954,4.896199984550476,0
2022-12-27,3.0999999046325684,3.299999952316284,3.049999952316284,3.2799999713897705,4232500,-0.060606075931405656,0.6084023012216192,4.823199987411499,6.371700015068054,Dec,4.235238075256348,4.823199987411499,4.32142854872204,4.858599987030029,0
2022-12-28,3.119999885559082,3.2049999237060547,3.0399999618530273,3.119999885559082,3397600,0.0064516069489635175,0.5970794448847293,4.782799987792969,6.330250015258789,Dec,4.14857140041533,4.782799987792969,4.235238075256348,4.823199987411499,0
2022-12-29,3.5399999618530273,3.680000066757202,3.130000114440918,3.180000066757202,4854400,0.1346154140062361,0.7379671365115066,4.751999988555908,6.285500016212463,Dec,4.0871428308032804,4.751999988555908,4.14857140041533,4.782799987792969,0
2022-12-30,3.450000047683716,3.5299999713897705,3.380000114440918,3.450000047683716,2348600,-0.02542370484156753,0.7193365090166897,4.720799984931946,6.237400017976761,Dec,4.005714268911452,4.720799984931946,4.0871428308032804,4.751999988555908,0
2023-01-03,3.4600000381469727,3.7149999141693115,3.4100000858306885,3.569999933242798,2736600,0.002898547920302308,0.7035215366928695,4.688599982261658,6.185550018548965,Jan,3.9342856974828813,4.688599982261658,4.005714268911452,4.720799984931946,0
2023-01-04,3.609999895095825,3.700000047683716,3.450000047683716,3.509999990463257,2001400,0.0433525593338393,0.7200024364869809,4.658199977874756,6.131800019741059,Jan,3.870952356429327,4.658199977874756,3.9342856974828813,4.688599982261658,0
2023-01-05,3.640000104904175,3.690000057220459,3.5199999809265137,3.549999952316284,1883500,0.008310307667627637,0.7202807616057565,4.629799981117248,6.0768000185489655,Jan,3.8228571187882197,4.629799981117248,3.870952356429327,4.658199977874756,0
2023-01-06,3.7699999809265137,3.7799999713897705,3.5899999141693115,3.680000066757202,1728800,0.035714250625210164,0.7296335809120716,4.597199978828431,6.021600016355515,Jan,3.795238074802217,4.597199978828431,3.8228571187882197,4.629799981117248,0
2023-01-09,3.809999942779541,4.010000228881836,3.7850000858306885,3.890000104904175,3357800,0.010610069510715636,0.7245368537407483,4.562799973487854,5.969650017023087,Jan,3.769523790904454,4.562799973487854,3.795238074802217,4.597199978828431,0
2023-01-10,3.809999942779541,3.8589999675750732,3.680000066757202,3.8299999237060547,2284500,0.0,0.7246438042295664,4.529599976539612,5.918950017690658,Jan,3.730952365057809,4.529599976539612,3.769523790904454,4.562799973487854,0
2023-01-11,3.859999895095825,3.990000009536743,3.7799999713897705,3.9100000858306885,2697800,0.013123347261734475,0.726066082137576,4.4929999732971195,5.872350015640259,Jan,3.701428549630301,4.4929999732971195,3.730952365057809,4.529599976539612,0
2023-01-12,4.050000190734863,4.050000190734863,3.700000047683716,3.9000000953674316,2986600,0.04922287585562768,0.7425469178359373,4.456199979782104,5.826900014877319,Jan,3.6814285687037875,4.456199979782104,3.701428549630301,4.4929999732971195,0
2023-01-13,4.409999847412109,4.420000076293945,3.944999933242798,3.9700000286102295,4058400,0.08888879993161791,0.7622784716554445,4.432199974060058,5.787000012397766,Jan,3.6857142675490606,4.432199974060058,3.6814285687037875,4.456199979782104,0
2023-01-17,4.349999904632568,4.429999828338623,4.195000171661377,4.400000095367432,3102200,-0.013605429672463698,0.7558061201313957,4.412599973678589,5.746900012493134,Jan,3.691428547813779,4.412599973678589,3.6857142675490606,4.432199974060058,0
2023-01-18,4.199999809265137,4.550000190734863,4.199999809265137,4.400000095367432,2382900,-0.03448278130022209,0.7612002198701198,4.393399972915649,5.70410001039505,Jan,3.7052380584535145,4.393399972915649,3.691428547813779,4.412599973678589,0
2023-01-19,4.019999980926514,4.150000095367432,4.010000228881836,4.090000152587891,1799600,-0.04285710393165876,0.7526966131788243,4.370599975585938,5.659200010299682,Jan,3.712857110159738,4.370599975585938,3.7052380584535145,4.393399972915649,0
2023-01-20,4.340000152587891,4.440000057220459,4.139999866485596,4.239999771118164,3701100,0.07960203312926994,0.7673865011074155,4.3519999790191655,5.613000011444091,Jan,3.743333305631365,4.3519999790191655,3.712857110159738,4.370599975585938,0
2023-01-23,4.5,4.619999885559082,4.364999771118164,4.510000228881836,3860000,0.03686632299233983,0.7743636102250976,4.342799978256226,5.572850012779236,Jan,3.78095235143389,4.342799978256226,3.743333305631365,4.3519999790191655,0
2023-01-24,4.440000057220459,4.730000019073486,4.369999885559082,4.460000038146973,1794800,-0.013333320617675781,0.7543336449273288,4.339399976730347,5.533550012111664,Jan,3.816666637148176,4.339399976730347,3.78095235143389,4.342799978256226,0
2023-01-25,4.5,4.539999961853027,4.26200008392334,4.309999942779541,1582700,0.01351350045186761,0.749843077348383,4.318199977874756,5.493850014209747,Jan,3.870476166407267,4.318199977874756,3.816666637148176,4.339399976730347,0
2023-01-26,4.539999961853027,4.679999828338623,4.304999828338623,4.630000114440918,3110200,0.008888880411783928,0.7500927164299812,4.292399978637695,5.454950015544892,Jan,3.929523785909017,4.292399978637695,3.870476166407267,4.318199977874756,0
2023-01-27,4.489999771118164,4.565000057220459,4.429999828338623,4.480000019073486,4102600,-0.011013257963653267,0.7437359042375536,4.262399978637696,5.423450014591217,Jan,3.9957142557416643,4.262399978637696,3.929523785909017,4.292399978637695,0
2023-01-30,4.460000038146973,4.590000152587891,4.400000095367432,4.46999979019165,2272700,-0.006681455345312948,0.7410323312391606,4.238599977493286,5.390800015926361,Jan,4.059523786817278,4.238599977493286,3.9957142557416643,4.262399978637696,0
2023-01-31,4.440000057220459,4.574999809265137,4.421999931335449,4.5,2490900,-0.00448430061781413,0.7033091862839962,4.222399978637696,5.356150016784668,Jan,4.102380934215727,4.222399978637696,4.059523786817278,4.238599977493286,0
2023-02-01,4.760000228881836,4.789999961853027,4.400000095367432,4.449999809265137,4175100,0.07207210980571577,0.7270812165646664,4.2193999862670895,5.326650018692017,Feb,4.164761895225162,4.2193999862670895,4.102380934215727,4.222399978637696,0
2023-02-02,5.489999771118164,5.570000171661377,4.9039998054504395,4.929999828338623,7545200,0.15336124099469028,0.8246301187100661,4.2307999801635745,5.301100015640259,Feb,4.261428549176171,4.2307999801635745,4.164761895225162,4.2193999862670895,1
2023-02-03,5.5,5.71999979019165,5.21999979019165,5.260000228881836,4767500,0.001821535391393958,0.8247435536222971,4.244799976348877,5.274000015258789,Feb,4.351428554171608,4.244799976348877,4.261428549176171,4.2307999801635745,0
2023-02-06,5.409999847412109,6.0,5.340000152587891,5.800000190734863,9931600,-0.016363664106889164,0.8276471358000355,4.2559999752044675,5.252050013542175,Feb,4.435714256195795,4.2559999752044675,4.351428554171608,4.244799976348877,0
2023-02-07,5.150000095367432,5.440000057220459,4.949999809265137,5.440000057220459,5826600,-0.04805910524545565,0.7936076448969567,4.2593999767303465,5.230300014019012,Feb,4.501428547359648,4.2593999767303465,4.435714256195795,4.2559999752044675,0
2023-02-08,5.130000114440918,5.480000019073486,5.099999904632568,5.150000095367432,3321200,-0.0038834913701272233,0.7884136071479378,4.263799982070923,5.210050013065338,Feb,4.564285698391142,4.263799982070923,4.501428547359648,4.2593999767303465,0
2023-02-09,4.690000057220459,5.21999979019165,4.664999961853027,5.210000038146973,4728600,-0.08576998974753658,0.8126473736018396,4.258799982070923,5.187800011634827,Feb,4.606190465745472,4.258799982070923,4.564285698391142,4.263799982070923,0
2023-02-10,4.809999942779541,4.940000057220459,4.679999828338623,4.71999979019165,2746900,0.025586329231347626,0.8127677143154328,4.258399982452392,5.171350009441376,Feb,4.65142856325422,4.258399982452392,4.606190465745472,4.258799982070923,0
2023-02-13,4.889999866485596,4.909999847412109,4.679999828338623,4.869999885559082,2522000,0.016632000968346272,0.7306089396107969,4.252999982833862,5.154800009727478,Feb,4.6914285478137785,4.252999982833862,4.65142856325422,4.258399982452392,0
2023-02-14,4.989999771118164,5.070000171661377,4.670000076293945,4.760000228881836,3956000,0.02044987880632343,0.7223407373560493,4.253599977493286,5.138200006484985,Feb,4.719047591799781,4.253599977493286,4.6914285478137785,4.252999982833862,0
2023-02-15,5.650000095367432,5.650000095367432,5.0,5.0,5529600,0.13226460010465568,0.7992909307539683,4.2677999782562255,5.127100007534027,Feb,4.780952362787156,4.2677999782562255,4.719047591799781,4.253599977493286,0
2023-02-16,5.28000020980835,5.590000152587891,5.260000228881836,5.480000019073486,3491500,-0.06548670430332448,0.8305240005931197,4.280399980545044,5.114200007915497,Feb,4.8323809532892135,4.280399980545044,4.780952362787156,4.2677999782562255,0
2023-02-17,4.880000114440918,5.199999809265137,4.800000190734863,5.170000076293945,3684500,-0.07575759080925315,0.8703409953199891,4.290999984741211,5.102850008010864,Feb,4.873333340599423,4.290999984741211,4.8323809532892135,4.280399980545044,0
2023-02-21,4.639999866485596,4.920000076293945,4.614999771118164,4.869999885559082,2904900,-0.049180377526039876,0.8842543686899796,4.296799983978271,5.088550007343292,Feb,4.887619041261219,4.296799983978271,4.873333340599423,4.290999984741211,0
2023-02-22,4.760000228881836,4.78000020980835,4.550000190734863,4.679999828338623,2515200,0.02586214781232954,0.8856896504334445,4.299599990844727,5.081200008392334,Feb,4.900000004541306,4.299599990844727,4.887619041261219,4.296799983978271,0
2023-02-23,4.78000020980835,4.900000095367432,4.610000133514404,4.869999885559082,2380900,0.004201676463198689,0.885406163115845,4.305599994659424,5.075500009059906,Feb,4.916190487997873,4.305599994659424,4.900000004541306,4.299599990844727,0
2023-02-24,4.570000171661377,4.699999809265137,4.510000228881836,4.599999904632568,2326900,-0.04393306044549161,0.8984693834918844,4.307600002288819,5.0729500102996825,Feb,4.919523829505557,4.307600002288819,4.916190487997873,4.305599994659424,0
2023-02-27,4.630000114440918,4.670000076293945,4.579999923706055,4.599999904632568,1413200,0.013129089830587137,0.889828883995151,4.3138000011444095,5.071700010299683,Feb,4.923809551057362,4.3138000011444095,4.919523829505557,4.307600002288819,0
2023-02-28,4.739999771118164,4.820000171661377,4.59499979019165,4.650000095367432,1745300,0.023758024613035778,0.8564684220024259,4.323999996185303,5.073700008392334,Feb,4.935714312962124,4.323999996185303,4.923809551057362,4.3138000011444095,0
2023-03-01,4.619999885559082,4.769999980926514,4.559999942779541,4.760000228881836,1927000,-0.025316432775011277,0.8592012130894133,4.33819999217987,5.07300000667572,Mar,4.943333353315081,4.33819999217987,4.935714312962124,4.323999996185303,0
2023-03-02,4.760000228881836,4.769999980926514,4.460000038146973,4.539999961853027,2179000,0.030303105365945715,0.8548988543624064,4.35619999885559,5.070800008773804,Mar,4.958571456727528,4.35619999885559,4.943333353315081,4.33819999217987,0
2023-03-03,5.03000020980835,5.050000190734863,4.784999847412109,4.800000190734863,2405800,0.05672268234111799,0.8546289354966474,4.382800002098083,5.071650009155274,Mar,4.971428598676409,4.382800002098083,4.958571456727528,4.35619999885559,0
2023-03-06,4.929999828338623,5.210000038146973,4.900000095367432,5.070000171661377,2333700,-0.019880790715421592,0.8313924971223223,4.407199997901916,5.067750008106231,Mar,4.944761934734526,4.407199997901916,4.971428598676409,4.382800002098083,0
2023-03-07,4.940000057220459,5.130000114440918,4.820000171661377,4.960000038146973,2225500,0.0020284440628888234,0.8261013274853496,4.432199997901916,5.065200009346008,Mar,4.9180952707926435,4.432199997901916,4.944761934734526,4.407199997901916,0
2023-03-08,5.059999942779541,5.150000095367432,4.863999843597412,4.96999979019165,2135800,0.024291474528160384,0.8262874268927166,4.465999999046326,5.061350009441376,Mar,4.901428608667283,4.465999999046326,4.9180952707926435,4.432199997901916,0
2023-03-09,4.829999923706055,5.190000057220459,4.769999980926514,5.050000190734863,3300100,-0.045454549738026984,0.8389794278367261,4.496599998474121,5.057350008487702,Mar,4.886190505254836,4.496599998474121,4.901428608667283,4.465999999046326,0
2023-03-10,4.559999942779541,4.840000152587891,4.489999771118164,4.829999923706055,3782800,-0.05590061805204816,0.856312360868384,4.52579999923706,5.05135000705719,Mar,4.859047639937628,4.52579999923706,4.886190505254836,4.496599998474121,0
2023-03-13,4.710000038146973,4.789999961853027,4.380000114440918,4.46999979019165,3784400,0.03289475816879062,0.8601793231552958,4.557600002288819,5.047950007915497,Mar,4.860000019981747,4.557600002288819,4.859047639937628,4.52579999923706,0
2023-03-14,4.789999961853027,4.929999828338623,4.730000019073486,4.769999980926514,2361400,0.01698512166839139,0.8606055406043386,4.582600002288818,5.043300008773803,Mar,4.859047639937628,4.582600002288818,4.860000019981747,4.557600002288819,0
2023-03-15,4.769999980926514,4.800000190734863,4.630000114440918,4.639999866485596,2366100,-0.004175361395781008,0.8605802790037663,4.6090000009536745,5.038350007534027,Mar,4.853333359672909,4.6090000009536745,4.859047639937628,4.582600002288818,0
2023-03-16,4.800000190734863,4.880000114440918,4.679999828338623,4.769999980926514,1816700,0.006289352186228392,0.8359816033800235,4.635800004005432,5.032700009346009,Mar,4.844285760607038,4.635800004005432,4.853333359672909,4.6090000009536745,0
2023-03-17,4.730000019073486,4.889999866485596,4.635000228881836,4.820000171661377,2666100,-0.014583368516629225,0.701982343812928,4.658200006484986,5.027600009441375,Mar,4.80047623316447,4.658200006484986,4.844285760607038,4.635800004005432,0
2023-03-20,4.610000133514404,4.758999824523926,4.610000133514404,4.71999979019165,2310000,-0.025369954561350605,0.7044363928741537,4.67760000705719,5.024200010299682,Mar,4.768571467626662,4.67760000705719,4.80047623316447,4.658200006484986,0
2023-03-21,4.869999885559082,4.940000057220459,4.630000114440918,4.650000095367432,5128100,0.056399076901212375,0.7254221970155541,4.699600005149842,5.019550008773804,Mar,4.768095266251337,4.699600005149842,4.768571467626662,4.67760000705719,0
2023-03-22,4.650000095367432,4.980000019073486,4.650000095367432,4.880000114440918,2518200,-0.04517449596744583,0.7238944604314008,4.7164000082015995,5.015150008201599,Mar,4.768571467626662,4.7164000082015995,4.768095266251337,4.699600005149842,0
2023-03-23,4.840000152587891,5.079999923706055,4.710000038146973,4.71999979019165,3364700,0.040860226521231,0.7346347366626841,4.7370000123977665,5.011150009632111,Mar,4.772380987803142,4.7370000123977665,4.768571467626662,4.7164000082015995,0
2023-03-24,4.880000114440918,4.954999923706055,4.744999885559082,4.840000152587891,2341100,0.008264454667762822,0.6894081659694163,4.757400016784668,5.007950010299683,Mar,4.777142888023739,4.757400016784668,4.772380987803142,4.7370000123977665,0
2023-03-27,5.119999885559082,5.235000133514404,4.840000152587891,4.940000057220459,3741600,0.0491802798135097,0.6996709776791631,4.778800010681152,5.004350008964539,Mar,4.8033333505902975,4.778800010681152,4.777142888023739,4.757400016784668,0
2023-03-28,4.699999809265137,5.130000114440918,4.650000095367432,5.119999885559082,4003700,-0.08203126673470285,0.7402373362728667,4.784600009918213,5.001250007152557,Mar,4.806666669391451,4.784600009918213,4.8033333505902975,4.778800010681152,0
2023-03-29,5.130000114440918,5.139999866485596,4.800000190734863,4.820000171661377,3382800,0.09148943034595858,0.7848151090903672,4.80020001411438,5.002350008487701,Mar,4.825238114311581,4.80020001411438,4.806666669391451,4.784600009918213,0
2023-03-30,5.079999923706055,5.349999904632568,5.039999961853027,5.199999809265137,4318500,-0.009746625656812946,0.6812188233778206,4.817800016403198,5.005150008201599,Mar,4.847142878032866,4.817800016403198,4.825238114311581,4.80020001411438,0
2023-03-31,6.150000095367432,6.769999980926514,5.25,5.349999904632568,33616000,0.2106299582147968,0.8960558420698068,4.860400018692016,5.012850008010864,Mar,4.913333347865513,4.860400018692016,4.847142878032866,4.817800016403198,0
2023-04-03,6.150000095367432,6.539999961853027,5.909999847412109,6.269999980926514,10188100,0.0,0.8618268826491888,4.896600017547607,5.018600008487701,Apr,4.966666675749279,4.896600017547607,4.913333347865513,4.860400018692016,0
2023-04-04,7.070000171661377,7.179999828338623,6.300000190734863,6.309999942779541,18441900,0.1495935060207474,0.9345365119963377,4.948000020980835,5.030150008201599,Apr,5.068571454002743,4.948000020980835,4.966666675749279,4.896600017547607,0
2023-04-05,6.659999847412109,7.210000038146973,6.409999847412109,7.210000038146973,12436300,-0.0579915578917054,0.9579292713273234,4.992400016784668,5.038250007629395,Apr,5.150476205916632,4.992400016784668,5.068571454002743,4.948000020980835,0
2023-04-06,6.809999942779541,6.960000038146973,6.210000038146973,6.300000190734863,6841100,0.022522537357972716,0.9579527608663072,5.038600015640259,5.046600008010865,Apr,5.2338095392499655,5.038600015640259,5.150476205916632,4.992400016784668,0
2023-04-10,6.849999904632568,7.0,6.639999866485596,6.840000152587891,5715400,0.005873709572558505,0.9427483281871801,5.084800014495849,5.055900008678436,Apr,5.33000001453218,5.084800014495849,5.2338095392499655,5.038600015640259,0
2023-04-11,6.78000020980835,7.349999904632568,6.679999828338623,6.920000076293945,7215000,-0.010218933693251442,0.9456152916374976,5.130600023269653,5.0642000102996825,Apr,5.435714312962124,5.130600023269653,5.33000001453218,5.084800014495849,0
2023-04-12,6.590000152587891,7.059999942779541,6.510000228881836,7.039999961853027,4389000,-0.028023606392459044,0.9530462843653397,5.173200025558471,5.07160001039505,Apr,5.5252381279355,5.173200025558471,5.435714312962124,5.130600023269653,0
2023-04-13,6.820000171661377,6.940000057220459,6.610000133514404,6.670000076293945,3771700,0.03490136779179975,0.9481508932057316,5.22080002784729,5.0815500116348264,Apr,5.621904804593041,5.22080002784729,5.5252381279355,5.173200025558471,0
2023-04-14,6.710000038146973,6.954999923706055,6.53000020980835,6.710000038146973,3389300,-0.016129051428983687,0.9510522277439843,5.259800024032593,5.09165001153946,Apr,5.714285759698777,5.259800024032593,5.621904804593041,5.22080002784729,0
2023-04-17,6.550000190734863,6.869999885559082,6.420000076293945,6.679999828338623,3321700,-0.023844984575632666,0.9476303174359932,5.281000032424926,5.102100012302398,Apr,5.79761909303211,5.281000032424926,5.714285759698777,5.259800024032593,0
2023-04-18,6.400000095367432,6.610000133514404,6.269999980926514,6.590000152587891,3666500,-0.022900777251825155,0.9485104436362567,5.299000034332275,5.1122000122070315,Apr,5.877142906188965,5.299000034332275,5.79761909303211,5.281000032424926,0
2023-04-19,6.28000020980835,6.364999771118164,6.159999847412109,6.210000038146973,2708400,-0.01874998183921006,0.9520008652644224,5.3164000415802,5.121650013923645,Apr,5.95666671934582,5.3164000415802,5.877142906188965,5.299000034332275,0
2023-04-20,6.099999904632568,6.239999771118164,6.0,6.070000171661377,3137100,-0.028662468019451603,0.9572864376073822,5.335400037765503,5.129400012493133,Apr,6.015238148825509,5.335400037765503,5.95666671934582,5.3164000415802,0
2023-04-21,6.25,6.269999980926514,6.0,6.099999904632568,2363000,0.02459017995287449,0.9448083892134169,5.357800035476685,5.137600011825562,Apr,6.091428620474679,5.357800035476685,6.015238148825509,5.335400037765503,0
2023-04-24,5.840000152587891,6.340000152587891,5.820000171661377,6.28000020980835,4702000,-0.06559997558593755,0.9511051769668416,5.3808000373840335,5.141550011634827,Apr,6.139047668093727,5.3808000373840335,6.091428620474679,5.357800035476685,0
2023-04-25,5.510000228881836,5.739999771118164,5.440000057220459,5.710000038146973,3922400,-0.056506834774622594,0.9674841124345718,5.394800043106079,5.143750011920929,Apr,6.169047673543294,5.394800043106079,6.139047668093727,5.3808000373840335,0
2023-04-26,5.400000095367432,5.599999904632568,5.369999885559082,5.519999980926514,3079300,-0.019963725761355744,0.9700700177250393,5.405000047683716,5.147700011730194,Apr,6.1823810168675015,5.405000047683716,6.169047673543294,5.394800043106079,0
2023-04-27,5.550000190734863,5.658999919891357,5.449999809265137,5.5,2497900,0.027777794947839718,0.9716633735410708,5.4162000560760495,5.15310001373291,Apr,6.222857225508917,5.4162000560760495,6.1823810168675015,5.405000047683716,0
2023-04-28,5.510000228881836,5.599999904632568,5.409999847412109,5.599999904632568,2645100,-0.007207200086191579,0.9725074836784084,5.413400058746338,5.158500015735626,Apr,6.240952469053722,5.413400058746338,6.222857225508917,5.4162000560760495,0
2023-05-01,5.489999771118164,5.659999847412109,5.449999809265137,5.53000020980835,3298400,-0.0036298469932606325,0.9709792906243898,5.417600049972534,5.1640000152587895,May,6.260476271311442,5.417600049972534,6.240952469053722,5.413400058746338,0
2023-05-02,5.309999942779541,5.585000038146973,5.300000190734863,5.449999809265137,2767400,-0.03278685534479753,0.973341581303489,5.426200046539306,5.167900013923645,May,6.220476264045352,5.426200046539306,6.260476271311442,5.417600049972534,0
2023-05-03,5.409999847412109,5.53000020980835,5.289999961853027,5.340000152587891,2418500,0.018832373956716664,0.9626134872293222,5.441600046157837,5.172000012397766,May,6.18523815699986,5.441600046157837,6.220476264045352,5.426200046539306,0
2023-05-04,5.570000171661377,5.599999904632568,5.380000114440918,5.449999809265137,2591500,0.029574922137161286,0.9529672594965514,5.457800045013427,5.176200013160706,May,6.113809585571289,5.457800045013427,6.18523815699986,5.441600046157837,0
2023-05-05,5.900000095367432,5.960000038146973,5.699999809265137,5.739999771118164,4138300,0.059245944979499754,0.9599955364092433,5.48020004272461,5.1801000142097475,May,6.077619121188209,5.48020004272461,6.113809585571289,5.457800045013427,0
2023-05-08,6.150000095367432,6.239999771118164,6.0,6.130000114440918,4032600,0.04237288067101819,0.9650663247656861,5.511800041198731,5.184550013542175,May,6.046190557025728,5.511800041198731,6.077619121188209,5.48020004272461,0
2023-05-09,6.380000114440918,6.460000038146973,6.070000171661377,6.119999885559082,3731900,0.03739837650518685,0.9614455853668752,5.546800041198731,5.192050013542175,May,6.023809614635649,5.546800041198731,6.046190557025728,5.511800041198731,0
2023-05-10,6.949999809265137,6.96999979019165,6.429999828338623,6.539999961853027,5292600,0.08934164335421313,0.9486157272356046,5.59100004196167,5.202100012302399,May,6.031904833657401,5.59100004196167,6.023809614635649,5.546800041198731,0
2023-05-11,7.019999980926514,7.119999885559082,6.650000095367432,6.840000152587891,9256500,0.010071967421935613,0.9203010629087229,5.639000043869019,5.213600013256073,May,6.05238101595924,5.639000043869019,6.031904833657401,5.59100004196167,0
2023-05-12,6.349999904632568,6.659999847412109,6.0,6.389999866485596,9156500,-0.0954416065689957,0.9700856551120567,5.6708000373840335,5.219850013256073,May,6.03000005086263,5.6708000373840335,6.05238101595924,5.639000043869019,0
2023-05-15,7.340000152587891,7.460000038146973,6.330999851226807,6.340000152587891,7741700,0.15590555320057242,0.8801239674485344,5.717000036239624,5.230100014209747,May,6.060000056312198,5.717000036239624,6.03000005086263,5.6708000373840335,0
2023-05-16,7.989999771118164,8.0600004196167,7.019999980926514,7.039999961853027,12604300,0.08855580449832834,0.9105976569134818,5.778200035095215,5.243050012588501,May,6.128571464901879,5.778200035095215,6.060000056312198,5.717000036239624,0
2023-05-17,8.960000038146973,9.149999618530273,7.909999847412109,7.989999771118164,13777000,0.12140178908829458,0.8761366079285854,5.858600034713745,5.261600012779236,May,6.250476224081857,5.858600034713745,6.128571464901879,5.778200035095215,0
2023-05-18,9.09000015258789,9.449999809265137,8.529999732971191,8.979999542236328,14432000,0.014508941282080912,0.8525894205822124,5.939200038909912,5.279500012397766,May,6.384285745166597,5.939200038909912,6.250476224081857,5.858600034713745,0
2023-05-19,8.880000114440918,9.319999694824219,8.765000343322754,9.140000343322754,7209900,-0.023102314039806338,0.8578294121854899,6.02020004272461,5.294400012493133,May,6.516666707538423,6.02020004272461,6.384285745166597,5.939200038909912,0
2023-05-22,10.859999656677246,11.319999694824219,8.890000343322754,9.010000228881836,26211100,0.22297291854944845,1.0560577935117923,6.146200037002563,5.317700011730194,May,6.73619050071353,6.146200037002563,6.516666707538423,6.02020004272461,0
2023-05-23,10.829999923706055,11.649999618530273,10.65999984741211,10.930000305175781,17921000,-0.0027624064382678615,1.0545778245468334,6.268600034713745,5.339750010967254,May,6.973809537433443,6.268600034713745,6.73619050071353,6.146200037002563,0
2023-05-24,10.239999771118164,10.359999656677246,9.149999618530273,9.680000305175781,15813900,-0.05447831548885096,1.0672641289750302,6.377600030899048,5.360300009250641,May,7.199047610873268,6.377600030899048,6.973809537433443,6.268600034713745,0
2023-05-25,9.350000381469727,10.630000114440918,9.229999542236328,10.510000228881836,16432900,-0.08691400483803458,1.1070218475238145,6.4692000389099125,5.378450012207031,May,7.387142862592425,6.4692000389099125,7.199047610873268,6.377600030899048,0
2023-05-26,10.0,10.220000267028809,9.449999809265137,9.479999542236328,10870900,0.06951867294235337,1.1153750098551651,6.573200035095215,5.396800012588501,May,7.599047615414574,6.573200035095215,7.387142862592425,6.4692000389099125,0
2023-05-30,10.989999771118164,11.100000381469727,9.859999656677246,10.199999809265137,15712400,0.0989999771118164,1.1342412833128712,6.698400030136108,5.421400010585785,May,7.859999974568685,6.698400030136108,7.599047615414574,6.573200035095215,0
2023-05-31,10.789999961853027,11.069999694824219,10.3100004196167,10.529999732971191,11492000,-0.018198345171101638,1.1327858460462736,6.822000026702881,5.444300010204315,May,8.112380936032249,6.822000026702881,7.859999974568685,6.698400030136108,0
2023-06-01,10.720000267028809,11.34000015258789,10.399999618530273,10.569999694824219,13483100,-0.006487460154930069,1.129703301592777,6.939000034332276,5.466100010871887,Jun,8.369999999091739,6.939000034332276,8.112380936032249,6.822000026702881,0
2023-06-02,9.220000267028809,10.699999809265137,9.0600004196167,10.630000114440918,16664500,-0.1399253696488708,1.2144609228158276,7.030400037765503,5.470300011634826,Jun,8.551428590502058,7.030400037765503,8.369999999091739,6.939000034332276,0
2023-06-05,9.84000015258789,9.899999618530273,8.899999618530273,9.460000038146973,7733400,0.06724510494606317,1.223159948157828,7.130400037765503,5.480200011730194,Jun,8.75476192292713,7.130400037765503,8.551428590502058,7.030400037765503,0
2023-06-06,9.8100004196167,10.050000190734863,9.300000190734863,9.550000190734863,8085400,-0.0030487533034541103,1.1991993861833834,7.229000043869019,5.491100013256073,Jun,8.940952414558048,7.229000043869019,8.75476192292713,7.130400037765503,0
2023-06-07,9.449999809265137,10.479999542236328,9.40999984741211,9.930000305175781,9282500,-0.03669730835400198,1.1895370817005075,7.3156000423431395,5.505250012874603,Jun,9.098095258076986,7.3156000423431395,8.940952414558048,7.229000043869019,0
2023-06-08,10.649999618530273,10.869999885559082,9.449999809265137,9.640000343322754,12100100,0.126984109363538,1.2216214476393057,7.434600038528442,5.526400010585785,Jun,9.301428567795526,7.434600038528442,9.098095258076986,7.3156000423431395,0
2023-06-09,10.550000190734863,11.3100004196167,10.329999923706055,10.449999809265137,10983200,-0.009389617969696284,1.2258057815740582,7.543000040054321,5.547000012397766,Jun,9.472857157389322,7.543000040054321,9.301428567795526,7.434600038528442,0
2023-06-12,10.539999961853027,11.220000267028809,10.25100040435791,10.649999618530273,8750800,-0.0009478889764019671,1.224535619253396,7.65220004081726,5.566800012588501,Jun,9.640476204100109,7.65220004081726,9.472857157389322,7.543000040054321,0
2023-06-13,10.630000114440918,10.850000381469727,9.9399995803833,10.850000381469727,10530400,0.008538913938674009,1.2226010234849738,7.74180004119873,5.585750012397766,Jun,9.844285737900506,7.74180004119873,9.640476204100109,7.65220004081726,0
2023-06-14,9.9399995803833,11.5600004196167,9.720000267028809,10.520000457763672,19989300,-0.06491067983341292,1.2392366109613164,7.817600030899047,5.60450001001358,Jun,9.968095234462194,7.817600030899047,9.844285737900506,7.74180004119873,0
2023-06-15,9.9399995803833,10.048999786376953,9.729999542236328,9.930000305175781,5935200,0.0,1.2411159246213128,7.875000019073486,5.6232500076293945,Jun,10.060952368236723,7.875000019073486,9.968095234462194,7.817600030899047,0
2023-06-16,9.699999809265137,10.170000076293945,9.619999885559082,10.119999885559082,5951300,-0.024144847208223852,1.2485162090364257,7.935800018310547,5.6423500061035154,Jun,10.096190452575684,7.935800018310547,10.060952368236723,7.875000019073486,0
2023-06-20,9.3100004196167,9.708999633789062,9.119999885559082,9.649999618530273,6751900,-0.04020612343475738,1.2556780176860785,7.98580002784729,5.659200007915497,Jun,10.106666655767532,7.98580002784729,10.096190452575684,7.935800018310547,0
2023-06-21,9.220000267028809,9.380000114440918,8.829999923706055,9.149999618530273,7078000,-0.009667040658586368,1.256044746477244,8.033200035095215,5.676350009441376,Jun,10.122857139224099,8.033200035095215,10.106666655767532,7.98580002784729,0
2023-06-22,9.430000305175781,9.539999961853027,8.975000381469727,9.010000228881836,7220200,0.02277657614587536,1.2546452496333835,8.086200037002563,5.6950000119209285,Jun,10.054761932009743,8.086200037002563,10.122857139224099,8.033200035095215,0
2023-06-23,9.369999885559082,10.670000076293945,9.199999809265137,10.0600004196167,22404100,-0.006362716614523034,1.2365732347741933,8.141800031661987,5.7137000107765195,Jun,9.985238120669411,8.141800031661987,10.054761932009743,8.086200037002563,0
2023-06-26,10.329999923706055,10.779999732971191,9.520000457763672,9.760000228881836,17817700,0.10245464779850333,1.2634797605265071,8.212000026702881,5.738850009441376,Jun,9.989523842221214,8.212000026702881,9.985238120669411,8.141800031661987,0
2023-06-27,10.8100004196167,10.880000114440918,10.260000228881836,10.460000038146973,8606700,0.0464666504797453,1.2210352420274173,8.294000034332276,5.766700012683868,Jun,10.059047653561546,8.294000034332276,9.989523842221214,8.212000026702881,0
2023-06-28,13.350000381469727,13.555000305175781,10.65999984741211,10.670000076293945,34141700,0.2349676099219884,1.3150284714762823,8.430000038146973,5.806500015258789,Jun,10.218571481250581,8.430000038146973,10.059047653561546,8.294000034332276,0
2023-06-29,13.529999732971191,14.069999694824219,12.859999656677246,13.199999809265137,17017600,0.013483097105473574,1.3005631403745745,8.572600030899048,5.844550013542175,Jun,10.33952386038644,8.572600030899048,10.218571481250581,8.430000038146973,0
2023-06-30,13.529999732971191,14.800000190734863,13.414999961853027,13.819999694824219,17052300,0.0,1.2660743890237878,8.717600021362305,5.884250011444092,Jun,10.470000039963494,8.717600021362305,10.33952386038644,8.572600030899048,0
2023-07-03,13.5,14.300000190734863,13.319999694824219,13.789999961853027,6078600,-0.0022172752079281377,1.2672560300946523,8.865600023269653,5.922800011634827,Jul,10.60238097962879,8.865600023269653,10.470000039963494,8.717600021362305,0
2023-07-05,14.119999885559082,15.069999694824219,13.34000015258789,13.489999771118164,13877200,0.04592591744882091,1.2644585876809773,9.023000020980835,5.964600009918213,Jul,10.835714294796897,9.023000020980835,10.60238097962879,8.865600023269653,0
2023-07-06,13.289999961853027,13.890000343322754,12.6899995803833,13.859999656677246,10174800,-0.05878186476155134,1.1244044784563403,9.172000017166138,6.003600010871887,Jul,11.0,9.172000017166138,10.835714294796897,9.023000020980835,0
2023-07-07,13.279999732971191,14.130000114440918,13.220000267028809,13.720000267028809,8341600,-0.0007524626719743743,1.1242356968037943,9.327400007247924,6.043050010204315,Jul,11.16523806254069,9.327400007247924,11.0,9.172000017166138,0
2023-07-10,14.029999732971191,14.149999618530273,12.930000305175781,13.5,9416800,0.056475904750052264,1.1156340117221095,9.5,6.0868500089645385,Jul,11.383333297002883,9.5,11.16523806254069,9.327400007247924,0
2023-07-11,13.859999656677246,14.550000190734863,13.510000228881836,14.069999694824219,10789100,-0.012116898042017543,1.0779434778579766,9.666199989318848,6.130150008201599,Jul,11.536190441676549,9.666199989318848,11.383333297002883,9.5,0
2023-07-12,14.720000267028809,14.824999809265137,13.609999656677246,14.170000076293945,12558700,0.062049107622975,1.0748937717641909,9.850399990081787,6.178900010585785,Jul,11.734761873881022,9.850399990081787,11.536190441676549,9.666199989318848,0
2023-07-13,14.460000038146973,14.880000114440918,14.010000228881836,14.600000381469727,10442000,-0.01766305870688112,1.048608973633581,10.029799995422364,6.227350010871887,Jul,11.921428544180733,10.029799995422364,11.734761873881022,9.850399990081787,0
2023-07-14,13.550000190734863,15.359999656677246,13.41100025177002,14.619999885559082,13973000,-0.06293221611420718,1.0673527316825433,10.19460000038147,6.271150012016296,Jul,12.060476166861397,10.19460000038147,11.921428544180733,10.029799995422364,0
2023-07-17,14.899999618530273,14.9399995803833,13.470000267028809,13.760000228881836,10548600,0.09963095267839961,1.0972575554632715,10.384399995803832,6.321450009346008,Jul,12.296666644868397,10.384399995803832,12.060476166861397,10.19460000038147,0
2023-07-18,15.710000038146973,15.850000381469727,14.779999732971191,14.800000190734863,13808700,0.05436244566136428,1.00193563717314,10.587199993133545,6.374650008678437,Jul,12.571428571428571,10.587199993133545,12.296666644868397,10.384399995803832,0
2023-07-19,15.520000457763672,16.299999237060547,14.890000343322754,16.020000457763672,12203100,-0.012094180771606955,0.9955985895800401,10.77960000038147,6.428350009918213,Jul,12.84857145945231,10.77960000038147,12.571428571428571,10.587199993133545,0
2023-07-20,14.920000076293945,16.07900047302246,14.770000457763672,15.380000114440918,7778400,-0.038659817253393514,1.0071355998910392,10.955,6.4776000094413755,Jul,13.115714300246466,10.955,12.84857145945231,10.77960000038147,0
2023-07-21,14.420000076293945,15.479999542236328,14.194999694824219,15.329999923706055,7128000,-0.03351206417179842,1.0057318149227459,11.11579999923706,6.523400008678436,Jul,13.363333338782901,11.11579999923706,13.115714300246466,10.955,0
2023-07-24,14.390000343322754,14.800000190734863,14.149999618530273,14.579999923706055,4571100,-0.0020804252990614946,0.949978645806834,11.264600009918214,6.565950009822846,Jul,13.5995238167899,11.264600009918214,13.363333338782901,11.11579999923706,0
2023-07-25,15.220000267028809,15.869999885559082,14.470999717712402,14.569999694824219,9280000,0.05767893703290916,0.9569085668041954,11.428600015640258,6.613500010967255,Jul,13.878095263526554,11.428600015640258,13.5995238167899,11.264600009918214,0
2023-07-26,16.190000534057617,16.3799991607666,14.930000305175781,15.430000305175781,10018200,0.06373194809530491,0.9664866003100105,11.62540002822876,6.666250014305115,Jul,14.157142911638532,11.62540002822876,13.878095263526554,11.428600015640258,0
2023-07-27,15.529999732971191,17.049999237060547,15.270000457763672,16.610000610351562,11511100,-0.040765953015136414,0.9802956229308712,11.789200019836425,6.717500011920929,Jul,14.381904783703032,11.789200019836425,14.157142911638532,11.62540002822876,0
2023-07-28,17.93000030517578,18.010000228881836,15.770000457763672,15.859999656677246,14818600,0.1545396402750241,1.0309623493021207,11.988000030517577,6.781800012588501,Jul,14.600000018165225,11.988000030517577,14.381904783703032,11.789200019836425,0
2023-07-31,19.25,19.329999923706055,18.059999465942383,18.81999969482422,13950900,0.07361961362840463,1.0395086253099057,12.19380002975464,6.853600013256073,Jul,14.872380983261834,12.19380002975464,14.600000018165225,11.988000030517577,0
2023-08-01,19.860000610351562,20.139999389648438,18.43000030517578,18.479999542236328,15524800,0.031688343394886465,1.029488301358921,12.409200038909912,6.927650015354157,Aug,15.173809596470424,12.409200038909912,14.872380983261834,12.19380002975464,0
2023-08-02,18.329999923706055,19.469999313354492,17.299999237060547,19.1299991607666,13988200,-0.07703930713114027,1.055304077620118,12.598200035095214,6.993400015830994,Aug,15.40380959283738,12.598200035095214,15.173809596470424,12.409200038909912,0
2023-08-03,18.290000915527344,19.020000457763672,17.85099983215332,18.0,7780900,-0.0021821608480739885,1.0533985570332922,12.746800060272216,7.060500020980835,Aug,15.602381070454916,12.746800060272216,15.40380959283738,12.598200035095214,0
2023-08-04,17.389999389648438,18.610000610351562,17.15999984741211,18.350000381469727,10845200,-0.0492072980223226,1.0752062144173773,12.878000049591064,7.121750018596649,Aug,15.797619138445173,12.878000049591064,15.602381070454916,12.746800060272216,0
2023-08-07,15.579999923706055,17.40999984741211,15.0,17.40999984741211,15512300,-0.10408277915293096,1.1338529958469419,12.984800052642822,7.174250018596649,Aug,15.907142957051596,12.984800052642822,15.797619138445173,12.878000049591064,0
2023-08-08,15.329999923706055,15.5,14.75,14.850000381469727,8051700,-0.016046213172286827,1.110224750377628,13.10440004348755,7.22585001707077,Aug,15.96904772803897,13.10440004348755,15.907142957051596,12.984800052642822,0
2023-08-09,14.489999771118164,15.84000015258789,14.100000381469727,15.84000015258789,12370400,-0.05479453077419316,1.1243684257335964,13.194200038909912,7.272950015068054,Aug,15.999047733488537,13.194200038909912,15.96904772803897,13.10440004348755,0
2023-08-10,14.1899995803833,15.279999732971191,14.149999618530273,14.850000381469727,12999600,-0.020703947237655007,0.9072152579814888,13.258200035095214,7.318250012397766,Aug,15.973809605553036,13.258200035095214,15.999047733488537,13.194200038909912,0
2023-08-11,15.710000038146973,17.739999771118164,14.90999984741211,14.9399995803833,51478100,0.10711772394024366,0.9554020547577339,13.356600036621094,7.371500012874603,Aug,16.033333415076847,13.356600036621094,15.973809605553036,13.258200035095214,0
2023-08-14,14.880000114440918,16.639999389648438,14.65999984741211,16.549999237060547,16876600,-0.05283258572187466,0.9707716063408407,13.439800033569336,7.418900012969971,Aug,16.096666744777135,13.439800033569336,16.033333415076847,13.356600036621094,0
2023-08-15,15.5600004196167,16.780000686645508,14.529999732971191,14.729999542236328,25775800,0.045698944888840964,0.9776088517986719,13.566600036621093,7.469050014019013,Aug,16.128095354352677,13.566600036621093,16.096666744777135,13.439800033569336,0
2023-08-16,13.6899995803833,15.5,13.609999656677246,15.180000305175781,16770800,-0.12017999928045398,1.0362395134661988,13.643600025177001,7.51015001296997,Aug,16.031904856363933,13.643600025177001,16.128095354352677,13.566600036621093,0
2023-08-17,13.010000228881836,14.020000457763672,13.0,14.020000457763672,11812200,-0.0496712470667896,1.03199953776793,13.707600021362305,7.5467500138282775,Aug,15.912381035940987,13.707600021362305,16.031904856363933,13.643600025177001,0
2023-08-18,13.420000076293945,13.657999992370605,12.1899995803833,12.369999885559082,11928600,0.0315142075479693,1.0356700602643938,13.78700002670288,7.584400014877319,Aug,15.840952464512416,13.78700002670288,15.912381035940987,13.707600021362305,0
2023-08-21,14.420000076293945,14.479999542236328,13.354999542236328,13.720000267028809,9703500,0.07451564786251175,1.0451338027897321,13.862400035858155,7.628450014591217,Aug,15.840952464512416,13.862400035858155,15.840952464512416,13.78700002670288,0
2023-08-22,14.920000076293945,15.069999694824219,14.170000076293945,14.899999618530273,9444600,0.03467406361682235,1.0480524336041521,13.949800033569336,7.676400015354156,Aug,15.866190547034854,13.949800033569336,15.840952464512416,13.862400035858155,0
2023-08-23,16.100000381469727,16.270000457763672,14.640000343322754,14.789999961853027,10681100,0.07908849189958489,1.057299096416518,14.06100004196167,7.731100018024445,Aug,15.908095314389183,14.06100004196167,15.866190547034854,13.949800033569336,0
2023-08-24,14.619999885559082,16.420000076293945,14.180000305175781,16.3799991607666,11746800,-0.09192549446235099,1.092521431282767,14.140800037384032,7.778400018215179,Aug,15.833333378746396,14.140800037384032,15.908095314389183,14.06100004196167,0
2023-08-25,14.670000076293945,15.34000015258789,14.1899995803833,14.65999984741211,10050600,0.0034199857131498312,1.0746962233434572,14.235400047302246,7.825400018692017,Aug,15.792381014142718,14.235400047302246,15.833333378746396,14.140800037384032,0
2023-08-28,15.270000457763672,15.430000305175781,14.319999694824219,14.859999656677246,8170300,0.04089982129170533,1.0426902882310791,14.342000064849854,7.8769500207901,Aug,15.665714354742141,14.342000064849854,15.792381014142718,14.235400047302246,0
2023-08-29,16.5,16.600000381469727,14.951000213623047,15.140000343322754,13203500,0.08055006583912472,1.0565930524071587,14.478000068664551,7.936400020122528,Aug,15.53476197378976,14.478000068664551,15.665714354742141,14.342000064849854,0
2023-08-30,17.1200008392334,17.42799949645996,16.110000610351562,16.31999969482422,11589200,0.0375758084383877,1.0599161238747792,14.634200077056885,7.9942000246047975,Aug,15.404285794212704,14.634200077056885,15.53476197378976,14.478000068664551,0
2023-08-31,17.190000534057617,17.530000686645508,16.56100082397461,17.1200008392334,7682000,0.004088767020606898,1.0516764091786464,14.793600082397461,8.051000027656555,Aug,15.35000010899135,14.793600082397461,15.404285794212704,14.634200077056885,0
2023-09-01,17.510000228881836,17.6200008392334,16.530000686645508,17.34000015258789,7835800,0.018615455781413104,1.0451250974115478,14.955200080871583,8.108600029945373,Sep,15.312857219151088,14.955200080871583,15.35000010899135,14.793600082397461,0
2023-09-05,18.969999313354492,19.06999969482422,17.270000457763672,17.280000686645508,12119100,0.08338087180972531,1.0666762762492643,15.147200069427491,8.17520002603531,Sep,15.388095310756139,15.147200069427491,15.312857219151088,14.955200080871583,0
2023-09-06,19.579999923706055,20.049999237060547,18.6299991607666,18.84000015258789,13193800,0.03215606918457481,1.0596020638171821,15.33220006942749,8.246850025653838,Sep,15.578571501232329,15.33220006942749,15.388095310756139,15.147200069427491,0
2023-09-07,17.489999771118164,18.520000457763672,16.600000381469727,18.520000457763672,16134600,-0.10674158124267763,1.0997277952088436,15.46580005645752,8.30975002527237,Sep,15.681428636823382,15.46580005645752,15.578571501232329,15.33220006942749,0
2023-09-08,19.34000015258789,19.350000381469727,17.591999053955078,17.600000381469727,13070300,0.10577475161118621,1.1284883072989855,15.585600051879883,8.38185002565384,Sep,15.912381035940987,15.585600051879883,15.681428636823382,15.46580005645752,0
2023-09-11,19.68000030517578,19.770000457763672,18.760000228881836,19.200000762939453,11040900,0.017580152528716253,1.0423508323071236,15.708600063323974,8.456250026226044,Sep,16.173809641883487,15.708600063323974,15.912381035940987,15.585600051879883,0
2023-09-12,19.309999465942383,21.600000381469727,19.1200008392334,19.209999084472656,21368900,-0.018800855360560642,1.0239032652402642,15.824200057983399,8.528550024032592,Sep,16.345238186064222,15.824200057983399,16.173809641883487,15.708600063323974,0
2023-09-13,18.690000534057617,19.959999084472656,18.56999969482422,19.3700008392334,13052500,-0.032107661783123076,1.0245982703026861,15.92800006866455,8.597100026607514,Sep,16.52666677747454,15.92800006866455,16.345238186064222,15.824200057983399,0
2023-09-14,18.030000686645508,19.290000915527344,17.770000457763672,18.770000457763672,11911100,-0.03531299243193886,1.0042667394086797,16.00620008468628,8.66270003080368,Sep,16.644285837809246,16.00620008468628,16.52666677747454,15.92800006866455,0
2023-09-15,17.079999923706055,18.06999969482422,16.75,17.969999313354492,13729900,-0.052690001484198556,1.016428367112972,16.08200008392334,8.723400030136109,Sep,16.80571442558652,16.08200008392334,16.644285837809246,16.00620008468628,0
2023-09-18,16.15999984741211,17.68000030517578,16.079999923706055,17.030000686645508,10492000,-0.05386417332572924,1.018463800863653,16.13960008621216,8.780050029754639,Sep,16.955714407421294,16.13960008621216,16.80571442558652,16.08200008392334,0
2023-09-19,15.779999732971191,16.600000381469727,15.720000267028809,16.350000381469727,9755800,-0.023514858788923343,0.9729685650916562,16.17460008621216,8.833150029182434,Sep,17.068095343453543,16.17460008621216,16.955714407421294,16.13960008621216,0
2023-09-20,14.800000190734863,16.440000534057617,14.774999618530273,15.949999809265137,14212600,-0.06210390106589725,0.9895105431556266,16.19340009689331,8.882350029945373,Sep,17.08619058699835,16.19340009689331,17.068095343453543,16.17460008621216,0
2023-09-21,13.529999732971191,14.64900016784668,13.510000228881836,14.399999618530273,15438600,-0.08581084063490219,1.0085302233552862,16.169600086212156,8.925300028324127,Sep,17.02000009445917,16.169600086212156,17.08619058699835,16.19340009689331,0
2023-09-22,13.279999732971191,14.359999656677246,13.180000305175781,14.079999923706055,11661300,-0.018477457866519886,1.008159764420294,16.146000080108642,8.968450026512146,Sep,16.885714349292574,16.146000080108642,17.02000009445917,16.169600086212156,0
2023-09-25,13.40999984741211,13.649999618530273,12.960000038146973,13.210000038146973,8908500,0.009789165440881487,0.9562174397511037,16.143200073242188,9.013750026226043,Sep,16.828095299857004,16.143200073242188,16.885714349292574,16.146000080108642,0
2023-09-26,13.100000381469727,13.6899995803833,12.979999542236328,13.239999771118164,8431100,-0.023117037246067285,0.9467243682094376,16.107200088500978,9.05750002861023,Sep,16.753333409627277,16.107200088500978,16.828095299857004,16.143200073242188,0
2023-09-27,14.239999771118164,14.520000457763672,13.25,13.329999923706055,15092400,0.0870228516375462,0.9722380800363207,16.0778000831604,9.105600028038024,Sep,16.704285757882253,16.0778000831604,16.753333409627277,16.107200088500978,0
2023-09-28,15.390000343322754,15.619999885559082,13.930000305175781,14.449999809265137,15513900,0.08075846844724266,0.9320074632976578,16.075200080871582,9.16015002965927,Sep,16.651428631373815,16.075200080871582,16.704285757882253,16.0778000831604,0
2023-09-29,14.880000114440918,15.875,14.59000015258789,15.489999771118164,13846200,-0.033138415692310796,0.9246944915667347,16.074400081634522,9.212200031280517,Sep,16.54476193019322,16.074400081634522,16.651428631373815,16.075200080871582,0
2023-10-02,14.8100004196167,15.145000457763672,14.470000267028809,14.930000305175781,7661500,-0.004704280529963523,0.9220079094326981,16.082200088500976,9.264650032520294,Oct,16.43142859141032,16.082200088500976,16.54476193019322,16.074400081634522,0
2023-10-03,13.920000076293945,14.630000114440918,13.699999809265137,14.470000267028809,8441400,-0.06009455220162563,0.9162368624713363,16.072800083160402,9.313100032806396,Oct,16.26047620319185,16.072800083160402,16.43142859141032,16.082200088500976,0
2023-10-04,14.770000457763672,14.875,13.829999923706055,13.859999656677246,8775500,0.06106324546055819,0.927924449979968,16.063800086975096,9.367400034666062,Oct,16.060476257687522,16.063800086975096,16.26047620319185,16.072800083160402,-1
2023-10-05,14.6899995803833,14.869999885559082,14.170000076293945,14.5,6183600,-0.005416443798301973,0.8982223624811193,16.033800067901613,9.4215500330925,Oct,15.827619098481678,16.033800067901613,16.060476257687522,16.063800086975096,0
2023-10-06,15.289999961853027,15.350000381469727,14.170000076293945,14.390000343322754,8895000,0.04084413877526272,0.8638495588012015,16.02900007247925,9.479500032663346,Oct,15.722857202802386,16.02900007247925,15.827619098481678,16.033800067901613,0
2023-10-09,14.640000343322754,15.130000114440918,14.329999923706055,14.5600004196167,8915900,-0.04251142054623647,0.873818646800645,15.963200073242188,9.534150034189224,Oct,15.499047688075475,15.963200073242188,15.722857202802386,16.02900007247925,0
2023-10-10,16.0,16.3799991607666,14.710000038146973,14.739999771118164,16382200,0.0928961492338718,0.9066273123572589,15.898200073242187,9.595700033903121,Oct,15.323809578305198,15.898200073242187,15.499047688075475,15.963200073242188,0
2023-10-11,15.6899995803833,16.600000381469727,15.319999694824219,16.190000534057617,9986700,-0.0193750262260437,0.87828534844358,15.814800052642822,9.657300032377243,Oct,15.151428631373815,15.814800052642822,15.323809578305198,15.898200073242187,0
2023-10-12,15.210000038146973,16.229999542236328,14.970000267028809,15.779999732971191,9742900,-0.030592705868294323,0.8750179288920986,15.752400054931641,9.716850032806397,Oct,14.985714322044736,15.752400054931641,15.151428631373815,15.814800052642822,0
2023-10-13,14.289999961853027,15.229999542236328,14.1850004196167,15.010000228881836,8337800,-0.06048652688932066,0.8906806391565391,15.672400035858153,9.7728000330925,Oct,14.80761904943557,15.672400035858153,14.985714322044736,15.752400054931641,0
2023-10-16,14.40999984741211,14.765999794006348,14.020000457763672,14.199999809265137,6725400,0.008397472769728465,0.8888535246716301,15.612800045013428,9.829250032901763,Oct,14.680476188659668,15.612800045013428,14.80761904943557,15.672400035858153,0
2023-10-17,14.380000114440918,14.710000038146973,13.8100004196167,14.119999885559082,6852700,-0.002081869069317066,0.84863553257,15.588800048828125,9.883450033664703,Oct,14.595714296613421,15.588800048828125,14.680476188659668,15.612800045013428,0
2023-10-18,13.6899995803833,14.529999732971191,13.510000228881836,14.180000305175781,7830900,-0.047983346910038915,0.8476140822858048,15.55600004196167,9.934650031328202,Oct,14.496190479823522,15.55600004196167,14.595714296613421,15.588800048828125,0
2023-10-19,13.470000267028809,14.069999694824219,13.329999923706055,13.789999961853027,7664900,-0.0160700745140806,0.7973957181681134,15.535600051879882,9.98470003247261,Oct,14.432857150123233,15.535600051879882,14.496190479823522,15.55600004196167,0
2023-10-20,12.59000015258789,13.520000457763672,12.515000343322754,13.289999961853027,9586900,-0.06533037097222172,0.7382472249008133,15.503600063323974,10.02960003376007,Oct,14.388095265343075,15.503600063323974,14.432857150123233,15.535600051879882,0
2023-10-23,12.640000343322754,12.880000114440918,11.829999923706055,12.34000015258789,11506300,0.003971420979259177,0.734364245396209,15.442200069427491,10.074600034952164,Oct,14.357619103931246,15.442200069427491,14.388095265343075,15.503600063323974,0
2023-10-24,11.010000228881836,11.829999923706055,10.90999984741211,11.130000114440918,18483500,-0.12895570175375726,0.8069201165127776,15.364800071716308,10.11080003619194,Oct,14.243333407810756,15.364800071716308,14.357619103931246,15.442200069427491,0
2023-10-25,10.399999618530273,11.210000038146973,10.270000457763672,11.149999618530273,12868700,-0.0554042323043179,0.8134336809850475,15.26160005569458,10.143750034570694,Oct,14.114761942908878,15.26160005569458,14.243333407810756,15.364800071716308,0
2023-10-26,9.920000076293945,10.449999809265137,9.850000381469727,10.289999961853027,12436500,-0.04615380383101986,0.8160324836229534,15.186200065612793,10.174300035238266,Oct,13.909047671726771,15.186200065612793,14.114761942908878,15.26160005569458,0
2023-10-27,10.140000343322754,10.390000343322754,10.0600004196167,10.199999809265137,7936500,0.022177446102500387,0.8175726782648689,15.128800067901611,10.205700037479401,Oct,13.659047671726771,15.128800067901611,13.909047671726771,15.186200065612793,0
2023-10-30,9.5,10.430000305175781,9.350000381469727,10.399999618530273,12284700,-0.06311640252992667,0.8217310419803547,15.050400066375733,10.232950036525727,Oct,13.402857190086728,15.050400066375733,13.659047671726771,15.128800067901611,0
2023-10-31,9.640000343322754,9.720000267028809,9.229999542236328,9.460000038146973,7301700,0.014736878244500318,0.8262587783627933,14.954800071716308,10.25910003900528,Oct,13.156666710263206,14.954800071716308,13.402857190086728,15.050400066375733,0
2023-11-01,10.220000267028809,10.289999961853027,9.600000381469727,9.729999542236328,9031500,0.060165965046650394,0.8415086479692732,14.860800075531007,10.28845004081726,Nov,12.980476243155342,14.860800075531007,13.156666710263206,14.954800071716308,0
2023-11-02,11.140000343322754,11.34000015258789,10.75,10.920000076293945,11769000,0.09001957458474807,0.8596047616534201,14.761600074768067,10.32315004348755,Nov,12.807619094848633,14.761600074768067,12.980476243155342,14.860800075531007,0
2023-11-03,11.579999923706055,12.09000015258789,11.239999771118164,11.239999771118164,9590600,0.03949726811696497,0.8681089548464054,14.700800075531006,10.360950043201447,Nov,12.659523873102097,14.700800075531006,12.807619094848633,14.761600074768067,0
2023-11-06,11.210000038146973,11.920000076293945,10.968999862670898,11.8100004196167,10032100,-0.03195163108780641,0.8711450178343657,14.631600074768066,10.395300042629241,Nov,12.465238162449428,14.631600074768066,12.659523873102097,14.700800075531006,0
2023-11-07,11.470000267028809,11.609999656677246,11.029999732971191,11.1899995803833,7873200,0.02319359750196881,0.8728821501725784,14.55560007095337,10.430150043964385,Nov,12.314285777864002,14.55560007095337,12.465238162449428,14.631600074768066,0
2023-11-08,11.40999984741211,11.569999694824219,11.104999542236328,11.5600004196167,7449400,-0.005231073951164067,0.8301523850360335,14.45380006790161,10.465000042915344,Nov,12.095714342026483,14.45380006790161,12.314285777864002,14.55560007095337,0
2023-11-09,11.229999542236328,12.579999923706055,10.90999984741211,11.180000305175781,16070300,-0.015775662364851506,0.788560608328444,14.33600004196167,10.498650040626526,Nov,11.883333387829008,14.33600004196167,12.095714342026483,14.45380006790161,0
2023-11-10,10.65999984741211,11.270000457763672,10.149999618530273,11.270000457763672,11916300,-0.050756876051546995,0.7948274949451831,14.205400028228759,10.529250040054322,Nov,11.66666671207973,14.205400028228759,11.883333387829008,14.33600004196167,0
2023-11-13,11.550000190734863,11.739999771118164,10.529999732971191,10.59000015258789,12006000,0.08348971445237097,0.8396133030049959,14.08620002746582,10.564550042152405,Nov,11.536190532502674,14.08620002746582,11.66666671207973,14.205400028228759,0
2023-11-14,12.6899995803833,12.734999656677246,11.65999984741211,11.869999885559082,10069500,0.09870124422707094,0.8774658480126273,13.960600032806397,10.605700039863587,Nov,11.454285757882255,13.960600032806397,11.536190532502674,14.08620002746582,0
2023-11-15,12.989999771118164,13.579999923706055,12.279999732971191,12.8100004196167,12077300,0.023640677750581984,0.8607870894407268,13.828800029754639,10.648450038433076,Nov,11.388095265343075,13.828800029754639,11.454285757882255,13.960600032806397,0
2023-11-16,12.199999809265137,12.789999961853027,12.0600004196167,12.789999961853027,7567900,-0.060816010452094504,0.8770445677996787,13.723000030517579,10.68565003633499,Nov,11.31714289528983,13.723000030517579,11.388095265343075,13.828800029754639,0
2023-11-17,12.699999809265137,12.850000381469727,12.270000457763672,12.4399995803833,7095800,0.04098360719811489,0.8771075868602003,13.590200023651123,10.721700036525727,Nov,11.280476206824893,13.590200023651123,11.31714289528983,13.723000030517579,0
2023-11-20,12.850000381469727,13.289999961853027,12.75,12.859999656677246,5971700,0.011811068854911122,0.8708613619487494,13.453600025177002,10.758450038433075,Nov,11.29285717010498,13.453600025177002,11.280476206824893,13.590200023651123,0
2023-11-21,12.289999961853027,12.59000015258789,12.170000076293945,12.569999694824219,5387300,-0.043579797898235406,0.8292695032564827,13.313200035095214,10.79285003900528,Nov,11.276190485273089,13.313200035095214,11.29285717010498,13.453600025177002,0
2023-11-22,12.420000076293945,13.380000114440918,12.21500015258789,12.529999732971191,7312600,0.010577714796129012,0.8300636118945082,13.187800025939941,10.829200038909912,Nov,11.343333335149856,13.187800025939941,11.276190485273089,13.313200035095214,0
2023-11-24,12.359999656677246,12.5,12.079999923706055,12.460000038146973,3057800,-0.004830951630284019,0.8268993785360742,13.074400005340577,10.865350036621093,Nov,11.436666670299712,13.074400005340577,11.343333335149856,13.187800025939941,0
2023-11-27,12.100000381469727,12.600000381469727,12.029999732971191,12.1899995803833,5517500,-0.021035540649635864,0.8119021456602755,12.97480001449585,10.902400038242341,Nov,11.540476208641415,12.97480001449585,11.436666670299712,13.074400005340577,0
2023-11-28,12.210000038146973,12.270000457763672,11.6899995803833,12.039999961853027,6430700,0.00909088043052475,0.811998541392983,12.895800018310547,10.939400038719178,Nov,11.639047622680664,12.895800018310547,11.540476208641415,12.97480001449585,0
2023-11-29,12.479999542236328,13.239999771118164,12.375,12.619999885559082,8847700,0.02211298142881346,0.8155757542807733,12.82980001449585,10.977350037097931,Nov,11.780952362787156,12.82980001449585,11.639047622680664,12.895800018310547,0
2023-11-30,12.229999542236328,12.829999923706055,12.170000076293945,12.729999542236328,6469400,-0.020032052016822566,0.8062768632216984,12.77840000152588,11.013550035953521,Nov,11.904285657973517,12.77840000152588,11.780952362787156,12.82980001449585,0
2023-12-01,13.609999656677246,13.65999984741211,11.920000076293945,12.210000038146973,9840700,0.1128372989447044,0.8713524477945909,12.78,11.05335003376007,Dec,12.065714200337728,12.78,11.904285657973517,12.77840000152588,0
2023-12-04,13.760000228881836,14.09000015258789,13.300000190734863,13.319999694824219,9841500,0.011021350182841338,0.8480235648127218,12.789600009918212,11.095750033855438,Dec,12.190476099650065,12.789600009918212,12.065714200337728,12.78,0
2023-12-05,13.010000228881836,13.600000381469727,12.880000114440918,13.550000190734863,6930500,-0.05450581304684665,0.8650141513962784,12.781600017547607,11.136400034427643,Dec,12.258571352277484,12.781600017547607,12.190476099650065,12.789600009918212,0
2023-12-06,12.970000267028809,14.0,12.9399995803833,13.460000038146973,8686400,-0.0030745550460659077,0.7707090028010387,12.77900001525879,11.178050036430358,Dec,12.342380886986142,12.77900001525879,12.258571352277484,12.781600017547607,0
2023-12-07,13.199999809265137,13.210000038146973,12.649999618530273,13.050000190734863,6021300,0.017733194872864733,0.748412469249811,12.758200016021728,11.220250034332276,Dec,12.424761817568825,12.758200016021728,12.342380886986142,12.77900001525879,0
2023-12-08,13.6899995803833,13.789999961853027,12.979999542236328,13.0600004196167,8181400,0.0371211953180659,0.7338297020024053,12.72420000076294,11.26480003118515,Dec,12.533333233424596,12.72420000076294,12.424761817568825,12.758200016021728,0
2023-12-11,13.050000190734863,13.399999618530273,12.664999961853027,13.170000076293945,10634000,-0.046749409004037235,0.7523235534074794,12.687600002288818,11.307200031280518,Dec,12.619999930972146,12.687600002288818,12.533333233424596,12.72420000076294,0
2023-12-12,12.760000228881836,13.234999656677246,12.649999618530273,13.029999732971191,7545500,-0.02222221897428933,0.7269266403092206,12.646599998474121,11.347850031852722,Dec,12.71999994913737,12.646599998474121,12.619999930972146,12.687600002288818,1
2023-12-13,13.430000305175781,13.430000305175781,12.270000457763672,12.75,11648900,0.05250784202788816,0.7368466074875634,12.636800003051757,11.39130003452301,Dec,12.809523764110747,12.636800003051757,12.71999994913737,12.646599998474121,0
2023-12-14,14.760000228881836,14.899999618530273,13.619999885559082,13.640000343322754,15617200,0.09903200993923189,0.7668620089862822,12.636599998474122,11.442000036239625,Dec,12.908095223563057,12.636599998474122,12.809523764110747,12.636800003051757,0
2023-12-15,14.930000305175781,15.494999885559082,14.59000015258789,14.630000114440918,12601500,0.011517620166515696,0.7316739705303741,12.64140001296997,11.492850036621094,Dec,13.000476201375326,12.64140001296997,12.908095223563057,12.636599998474122,0
2023-12-18,14.569999694824219,15.024999618530273,14.406999588012695,14.600000381469727,6809400,-0.024112565505223782,0.7332268551951435,12.627000007629395,11.540550034046174,Dec,13.113333338782901,12.627000007629395,13.000476201375326,12.64140001296997,0
2023-12-19,14.319999694824219,15.229999542236328,14.229999542236328,14.680000305175781,7388700,-0.017158545314781892,0.7273315286207951,12.620599994659424,11.587500033378602,Dec,13.19047619047619,12.620599994659424,13.113333338782901,12.627000007629395,0
2023-12-20,13.390000343322754,14.609999656677246,13.329999923706055,14.180000305175781,8701200,-0.06494409017603553,0.7568378111492299,12.568400001525879,11.629750034809113,Dec,13.216190474373954,12.568400001525879,13.19047619047619,12.620599994659424,0
2023-12-21,13.789999961853027,14.0,13.515000343322754,13.829999923706055,4937300,0.029873010326675775,0.7590476408557115,12.530400009155274,11.67340003490448,Dec,13.287619045802526,12.530400009155274,13.216190474373954,12.568400001525879,0
2023-12-22,13.640000343322754,14.149999618530273,13.529999732971191,13.90999984741211,4895900,-0.010877419792981402,0.7578790557561784,12.499000015258789,11.717450037002564,Dec,13.345714296613421,12.499000015258789,13.287619045802526,12.530400009155274,0
2023-12-26,13.520000457763672,13.739999771118164,13.0,13.670000076293945,8866800,-0.008797645347408345,0.7393443232001815,12.483600025177003,11.762250039577484,Dec,13.400952429998489,12.483600025177003,13.345714296613421,12.499000015258789,0
2023-12-27,13.210000038146973,13.90999984741211,13.170000076293945,13.640000343322754,7445200,-0.02292902434324151,0.7098942119824465,12.4596000289917,11.804750039577485,Dec,13.45380955650693,12.4596000289917,13.400952429998489,12.483600025177003,0
2023-12-28,13.229999542236328,13.395000457763672,13.020000457763672,13.149999618530273,5065100,0.0015139669970933856,0.6524960207104054,12.436600017547608,11.8469500374794,Dec,13.502380961463565,12.436600017547608,13.45380955650693,12.4596000289917,0
2023-12-29,12.390000343322754,13.180000305175781,12.329999923706055,13.170000076293945,8605300,-0.06349200513816389,0.6760490283619875,12.410600032806396,11.885050039291382,Dec,13.498095285324823,12.410600032806396,13.502380961463565,12.436600017547608,0
2024-01-02,12.15999984741211,12.59000015258789,12.100000381469727,12.350000381469727,5951100,-0.018563397057095088,0.6541441576714812,12.384400024414063,11.921850037574767,Jan,13.49476196652367,12.384400024414063,13.498095285324823,12.410600032806396,0
2024-01-03,11.930000305175781,12.09000015258789,11.770000457763672,11.8100004196167,6225700,-0.018914436276516566,0.6450591071428564,12.37120002746582,11.95785003900528,Jan,13.414761997404552,12.37120002746582,13.49476196652367,12.384400024414063,0
2024-01-04,12.279999732971191,12.609999656677246,11.850000381469727,12.0600004196167,7264400,0.02933775514184722,0.650135340949024,12.364000015258789,11.996200037002563,Jan,13.34428578331357,12.364000015258789,13.414761997404552,12.37120002746582,0
2024-01-05,12.0,12.380000114440918,11.949999809265137,12.09000015258789,6103600,-0.02280128168239337,0.6409559835928585,12.383800010681153,12.031850037574769,Jan,13.296190534319196,12.383800010681153,13.34428578331357,12.364000015258789,0
2024-01-08,12.640000343322754,12.729999542236328,12.024999618530273,12.119999885559082,6044300,0.05333336194356275,0.6588315384199196,12.428600025177001,12.071800038814544,Jan,13.280476252237955,12.428600025177001,13.296190534319196,12.383800010681153,0
2024-01-09,12.449999809265137,12.640000343322754,12.170000076293945,12.420000076293945,4920900,-0.0150316874127292,0.6603314637371593,12.479200019836426,12.109850037097932,Jan,13.24476196652367,12.479200019836426,13.280476252237955,12.428600025177001,0
2024-01-10,12.09000015258789,12.489999771118164,11.609999656677246,12.460000038146973,7384800,-0.02891563551746712,0.6630122195701686,12.518200016021728,12.145900037288666,Jan,13.168571517581032,12.518200016021728,13.24476196652367,12.479200019836426,0
2024-01-11,11.5600004196167,12.270000457763672,11.359999656677246,12.069999694824219,7131300,-0.043837859907532195,0.6748986346318189,12.559400024414062,12.178100039958954,Jan,13.097619147527785,12.559400024414062,13.168571517581032,12.518200016021728,0
2024-01-12,11.399999618530273,11.96500015258789,11.369999885559082,11.739999771118164,4476900,-0.013840899245549543,0.6722536080400784,12.594600009918214,12.21160003900528,Jan,13.03285721370152,12.594600009918214,13.097619147527785,12.559400024414062,0
2024-01-16,10.970000267028809,11.270000457763672,10.869999885559082,11.199999809265137,5654500,-0.03771924262194859,0.6782659443411418,12.609600009918212,12.240800039768219,Jan,12.915714354742141,12.609600009918212,13.03285721370152,12.594600009918214,0
2024-01-17,10.850000381469727,10.890000343322754,10.460000038146973,10.699999809265137,4866400,-0.01093891364066335,0.5831645078744223,12.603800010681152,12.269650042057037,Jan,12.729523885817756,12.603800010681152,12.915714354742141,12.609600009918212,0
2024-01-18,10.720000267028809,11.399999618530273,10.470000267028809,11.390000343322754,6329300,-0.011981576946572314,0.5808343920697969,12.586600017547607,12.292500042915345,Jan,12.529047693525042,12.586600017547607,12.729523885817756,12.603800010681152,-1
2024-01-19,10.850000381469727,10.859999656677246,10.319999694824219,10.84000015258789,5365700,0.012126876045027268,0.5660397957614427,12.579400024414063,12.316000044345856,Jan,12.35190486907959,12.579400024414063,12.529047693525042,12.586600017547607,0
2024-01-22,11.720000267028809,11.864999771118164,11.149999618530273,11.180000305175781,7254900,0.08018431843052465,0.6180889241481241,12.584400024414062,12.339250044822693,Jan,12.228095372517904,12.584400024414062,12.35190486907959,12.579400024414063,0
2024-01-23,11.75,12.119999885559082,11.541999816894531,12.100000381469727,5291400,0.0025597041201088633,0.6152985728138599,12.59120002746582,12.364700045585632,Jan,12.150000118073963,12.59120002746582,12.228095372517904,12.584400024414062,0
2024-01-24,11.069999694824219,12.100000381469727,11.0600004196167,12.050000190734863,5092400,-0.0578723663979388,0.6228124236659767,12.588000030517579,12.386000044345856,Jan,12.020476295834495,12.588000030517579,12.150000118073963,12.59120002746582,0
2024-01-25,11.279999732971191,11.989999771118164,11.15999984741211,11.449999809265137,7254600,0.018970193670841518,0.6148193983920094,12.60040002822876,12.408150043487549,Jan,11.908095314389183,12.60040002822876,12.020476295834495,12.588000030517579,0
2024-01-26,11.010000228881836,11.569999694824219,10.954999923706055,11.380000114440918,4796100,-0.023936126815690684,0.6152774809190867,12.589600028991699,12.429300043582916,Jan,11.78857149396624,12.589600028991699,11.908095314389183,12.60040002822876,0
2024-01-29,11.210000038146973,11.220000267028809,10.75,10.890000343322754,4820100,0.01816528656743266,0.5955108466905499,12.560000038146972,12.452400043010712,Jan,11.693333398728143,12.560000038146972,11.78857149396624,12.589600028991699,0
2024-01-30,10.6899995803833,11.119999885559082,10.550000190734863,11.0600004196167,5563700,-0.04638719500393762,0.5181703830789153,12.514000034332275,12.47175004005432,Jan,11.572381019592285,12.514000034332275,11.693333398728143,12.560000038146972,0
2024-01-31,10.270000457763672,10.9350004196167,10.270000457763672,10.619999885559082,7529500,-0.03928897465911496,0.5205985528442146,12.475400047302246,12.489550042152405,Jan,11.471428644089471,12.475400047302246,11.572381019592285,12.514000034332275,0
2024-02-01,10.239999771118164,10.479999542236328,9.9350004196167,10.470000267028809,7506000,-0.0029211962325501606,0.5198926911292457,12.426200046539307,12.508000040054322,Feb,11.380000069027854,12.426200046539307,11.471428644089471,12.475400047302246,0
2024-02-02,10.270000457763672,10.338000297546387,9.890000343322754,10.020000457763672,5139700,0.002929754620710545,0.521140331211812,12.374600048065185,12.527350041866303,Feb,11.300952457246327,12.374600048065185,11.380000069027854,12.426200046539307,0
2024-02-05,9.869999885559082,10.15999984741211,9.600000381469727,10.119999885559082,5647800,-0.03894844735885161,0.5026595232349924,12.326200046539306,12.545300040245056,Feb,11.18619055975051,12.326200046539306,11.300952457246327,12.374600048065185,0
2024-02-06,10.4399995803833,10.460000038146973,9.789999961853027,9.899999618530273,5669500,0.05775072962849692,0.5275750809195084,12.286600036621094,12.56700003862381,Feb,11.11190482548305,12.286600036621094,11.18619055975051,12.326200046539306,0
2024-02-07,10.40999984741211,10.5,10.15999984741211,10.369999885559082,4608700,-0.002873537756415301,0.5277985189825795,12.247600040435792,12.58780003786087,Feb,11.005714325677781,12.247600040435792,11.11190482548305,12.286600036621094,0
2024-02-08,10.899999618530273,10.989999771118164,10.380000114440918,10.449999809265137,5687700,0.047070103583140455,0.5517604038284191,12.223600025177001,12.613100035190582,Feb,10.931904792785645,12.223600025177001,11.005714325677781,12.247600040435792,0
2024-02-09,11.15999984741211,11.25,10.760000228881836,11.229999542236328,5637300,0.023853232842304894,0.556351622877983,12.202600021362304,12.641350033283233,Feb,10.887619063967751,12.202600021362304,10.931904792785645,12.223600025177001,0
2024-02-12,11.619999885559082,12.024999618530273,11.0600004196167,11.130000114440918,7744300,0.04121864197459124,0.5720796259699295,12.18540002822876,12.672450032234192,Feb,10.890476181393577,12.18540002822876,10.887619063967751,12.202600021362304,0
2024-02-13,10.539999961853027,10.899999618530273,10.449999809265137,10.729999542236328,7615500,-0.09294319572655418,0.6042922004228954,12.151600036621094,12.697400031089783,Feb,10.8495238167899,12.151600036621094,10.890476181393577,12.18540002822876,0
2024-02-14,10.930000305175781,10.979999542236328,10.5,10.9399995803833,5604400,0.03700193024044274,0.6145658394483856,12.098000049591064,12.724500031471253,Feb,10.84761905670166,12.098000049591064,10.8495238167899,12.151600036621094,0
2024-02-15,11.010000228881836,11.279999732971191,10.770000457763672,11.170000076293945,5129300,0.007319297481462206,0.6132985016367181,12.043000049591065,12.75210003376007,Feb,10.855238097054619,12.043000049591065,10.84761905670166,12.098000049591064,0
2024-02-16,10.819999694824219,11.260000228881836,10.699999809265137,11.260000228881836,5774500,-0.017257087203250032,0.6074849521643884,11.999200038909912,12.779650032520294,Feb,10.859999974568685,11.999200038909912,10.855238097054619,12.043000049591065,0
2024-02-20,10.619999885559082,11.010000228881836,10.350000381469727,10.869999885559082,5079700,-0.018484271248252138,0.6064210031702586,11.952200031280517,12.805700032711028,Feb,10.849047570001511,11.952200031280517,10.859999974568685,11.999200038909912,0
2024-02-21,10.630000114440918,10.710000038146973,10.350000381469727,10.420000076293945,4071900,0.0009416411477964903,0.5823964319455203,11.900800037384034,12.831000032424926,Feb,10.79714280083066,11.900800037384034,10.849047570001511,11.952200031280517,0
2024-02-22,10.989999771118164,11.164999961853027,10.760000228881836,10.90999984741211,5899600,0.033866383142196144,0.5923111841757915,11.84680004119873,12.85645003080368,Feb,10.760952313741049,11.84680004119873,10.79714280083066,11.900800037384034,0
2024-02-23,10.649999618530273,11.119999885559082,10.529999732971191,11.109999656677246,4680200,-0.030937230179150177,0.5930942334736277,11.798800029754638,12.878950028419494,Feb,10.740952310108003,11.798800029754638,10.760952313741049,11.84680004119873,0
2024-02-26,11.239999771118164,11.300000190734863,10.770000457763672,10.819999694824219,6379300,0.055399077344691294,0.6041388919291425,11.768400020599366,12.903250026702882,Feb,10.739047550019764,11.768400020599366,10.740952310108003,11.798800029754638,0
2024-02-27,11.569999694824219,11.675999641418457,11.239999771118164,11.430000305175781,7447000,0.029359424415115187,0.6086405580044684,11.731200008392333,12.926350026130676,Feb,10.765714191255116,11.731200008392333,10.739047550019764,11.768400020599366,0
2024-02-28,11.260000228881836,11.628999710083008,11.15999984741211,11.300000190734863,12725100,-0.026793385835702233,0.6033692892719297,11.661200008392335,12.947550027370452,Feb,10.768095152718681,11.661200008392335,10.765714191255116,11.731200008392333,0
2024-02-29,10.359999656677246,11.720000267028809,10.199999809265137,11.710000038146973,26317500,-0.07992900123537239,0.6473296846943472,11.569799995422363,12.967600026130675,Feb,10.75238087063744,11.569799995422363,10.768095152718681,11.661200008392335,0
2024-03-01,10.65999984741211,10.859999656677246,10.170000076293945,10.3100004196167,10199100,0.028957548327861904,0.652002530883117,11.491599998474122,12.984200024604798,Mar,10.770952270144509,11.491599998474122,10.75238087063744,11.569799995422363,0
2024-03-04,10.09000015258789,10.65999984741211,9.850000381469727,10.489999771118164,10708600,-0.05347089146184136,0.6694429034681746,11.407000007629394,12.994700026512145,Mar,10.763809431166877,11.407000007629394,10.770952270144509,11.491599998474122,0
2024-03-05,9.369999885559082,10.0,9.151000022888184,9.930000305175781,13959100,-0.07135780536575531,0.6525310980537018,11.326599998474121,12.996750025749206,Mar,10.720952261061896,11.326599998474121,10.763809431166877,11.407000007629394,0
2024-03-06,9.920000076293945,10.154999732971191,9.3100004196167,9.890000343322754,9924300,0.058697993324686726,0.6791224796839463,11.24920000076294,13.000900025367736,Mar,10.72333322252546,11.24920000076294,10.720952261061896,11.326599998474121,0
2024-03-07,10.899999618530273,11.319999694824219,10.175000190734863,10.399999618530273,12945000,0.09879027567532539,0.7229660546802424,11.19439998626709,13.011000022888183,Mar,10.745237986246744,11.19439998626709,10.72333322252546,11.24920000076294,0
2024-03-08,10.8100004196167,12.319999694824219,10.800000190734863,11.15999984741211,17133600,-0.008256807528742804,0.7212234985932877,11.14019998550415,13.010750026702881,Mar,10.764285632542201,11.14019998550415,10.745237986246744,11.19439998626709,0
2024-03-11,9.789999961853027,10.770000457763672,9.699999809265137,10.770000457763672,11908300,-0.09435711546437098,0.7685090119880063,11.071799983978272,13.005550026893616,Mar,10.71142850603376,11.071799983978272,10.764285632542201,11.14019998550415,0
2024-03-12,9.869999885559082,10.25,9.609999656677246,10.010000228881836,8330300,0.008171595916014018,0.7666877948731318,11.004599990844726,13.00370002746582,Mar,10.649999936421713,11.004599990844726,10.71142850603376,11.071799983978272,0
2024-03-13,9.630000114440918,10.0649995803833,9.600000381469727,9.770000457763672,7588000,-0.02431608651478412,0.7584829698140938,10.949399986267089,13.005100026130677,Mar,10.555238042558942,10.949399986267089,10.649999936421713,11.004599990844726,0
2024-03-14,9.199999809265137,9.699999809265137,9.109999656677246,9.680000305175781,7697100,-0.0446521599237536,0.7609074194313162,10.89019998550415,13.001100025177003,Mar,10.49142851148333,10.89019998550415,10.555238042558942,10.949399986267089,0
2024-03-15,9.3100004196167,9.380000114440918,9.069999694824219,9.15999984741211,6442900,0.011956588329576245,0.7620633900082789,10.83779998779297,12.992700028419495,Mar,10.414285659790039,10.83779998779297,10.49142851148333,10.89019998550415,0
2024-03-18,9.539999961853027,9.675000190734863,9.069999694824219,9.390000343322754,5450600,0.024704568407076133,0.765901618114924,10.782999992370605,12.986450028419494,Mar,10.344285647074381,10.782999992370605,10.414285659790039,10.83779998779297,0
2024-03-19,9.239999771118164,9.479999542236328,9.0600004196167,9.210000038146973,6808900,-0.03144656099941867,0.7630018105204455,10.727799987792968,12.97905002593994,Mar,10.269047555469331,10.727799987792968,10.344285647074381,10.782999992370605,0
2024-03-20,9.579999923706055,9.59000015258789,9.09000015258789,9.170000076293945,5210900,0.03679655422185646,0.7512924455821051,10.666599979400635,12.980850024223328,Mar,10.219523747762045,10.666599979400635,10.269047555469331,10.727799987792968,0
2024-03-21,9.420000076293945,9.789999961853027,9.329999923706055,9.739999771118164,4876200,-0.01670144558312403,0.7525375420974822,10.60599998474121,12.978750023841858,Mar,10.161904698326474,10.60599998474121,10.219523747762045,10.666599979400635,0
2024-03-22,9.390000343322754,9.550000190734863,9.26200008392334,9.380000114440918,3168800,-0.003184685002995624,0.7378833855844665,10.551999988555908,12.976650023460389,Mar,10.085714249383836,10.551999988555908,10.161904698326474,10.60599998474121,0
2024-03-25,9.550000190734863,9.699999809265137,9.329999923706055,9.350000381469727,3969800,0.017039386747827567,0.735917892608856,10.511799983978271,12.977150025367736,Mar,10.033333324250721,10.511799983978271,10.085714249383836,10.551999988555908,0
2024-03-26,9.109999656677246,9.6899995803833,9.100000381469727,9.614999771118164,5806300,-0.04607335343139507,0.7326572477222255,10.465999984741211,12.969450025558471,Mar,9.931904747372581,10.465999984741211,10.033333324250721,10.511799983978271,0
2024-03-27,9.550000190734863,9.5600004196167,9.145000457763672,9.229999542236328,4185900,0.04829863344013585,0.7024896249199813,10.437599983215332,12.964450025558472,Mar,9.835714294796897,10.437599983215332,9.931904747372581,10.465999984741211,0
2024-03-28,9.989999771118164,10.010000228881836,9.40999984741211,9.489999771118164,5696600,0.04607325357021197,0.7073781163712852,10.420399971008301,12.961700024604797,Mar,9.775238082522439,10.420399971008301,9.835714294796897,10.437599983215332,0
2024-04-01,9.989999771118164,10.09000015258789,9.65999984741211,9.979999542236328,4462300,0.0,0.7068555470816122,10.405799961090088,12.958500022888183,Apr,9.757619040352958,10.405799961090088,9.775238082522439,10.420399971008301,0
2024-04-02,9.359999656677246,9.725000381469727,9.260000228881836,9.630000114440918,5192300,-0.0630630759634545,0.7274604406591539,10.375999946594238,12.955600023269653,Apr,9.695714269365583,10.375999946594238,9.757619040352958,10.405799961090088,0
2024-04-03,9.319999694824219,9.539999961853027,9.279999732971191,9.319999694824219,4364100,-0.004273500354724069,0.7261323403506369,10.327999935150146,12.952500023841857,Apr,9.659047580900646,10.327999935150146,9.695714269365583,10.375999946594238,0
2024-04-04,9.119999885559082,9.720000267028809,9.09000015258789,9.470000267028809,5102000,-0.02145920770536125,0.7278887932937338,10.275399932861328,12.949600024223328,Apr,9.647142818995885,10.275399932861328,9.659047580900646,10.327999935150146,0
2024-04-05,9.210000038146973,9.369999885559082,9.027999877929688,9.220000267028809,4363100,0.00986843790759262,0.7203032535023783,10.238199939727783,12.94910002231598,Apr,9.613333293369838,10.238199939727783,9.647142818995885,10.275399932861328,0
2024-04-08,8.369999885559082,9.359999656677246,8.319999694824219,9.270000457763672,12103400,-0.09120522791625274,0.7593738888878246,10.17999994277954,12.94485002040863,Apr,9.492857115609306,10.17999994277954,9.613333293369838,10.238199939727783,0
2024-04-09,8.399999618530273,8.609999656677246,8.170000076293945,8.279999732971191,5140200,0.0035841975366033285,0.7369649400968239,10.12779993057251,12.939700016975403,Apr,9.378095172700428,10.12779993057251,9.492857115609306,10.17999994277954,0
2024-04-10,8.0,8.25,7.940000057220459,8.0,6775300,-0.04761900436850974,0.7362736612328847,10.06359992980957,12.932850017547608,Apr,9.292857079278855,10.06359992980957,9.378095172700428,10.12779993057251,0
2024-04-11,8.239999771118164,8.380000114440918,7.960999965667725,8.020000457763672,4254500,0.029999971389770508,0.7441614060935653,10.014599933624268,12.922400016784668,Apr,9.21523802621024,10.014599933624268,9.292857079278855,10.06359992980957,0
2024-04-12,8.029999732971191,8.222000122070312,7.929999828338623,8.079999923706055,3625900,-0.02548544223059801,0.715421562329362,9.969799919128418,12.908500013351441,Apr,9.139047531854539,9.969799919128418,9.21523802621024,10.014599933624268,0
2024-04-15,7.53000020980835,8.020999908447266,7.449999809265137,8.010000228881836,6593600,-0.0622664433113046,0.7238679671608581,9.915599927902221,12.879400012493134,Apr,9.059523741404215,9.915599927902221,9.139047531854539,9.969799919128418,0
2024-04-16,7.519999980926514,7.71999979019165,7.260000228881836,7.323999881744385,5415200,-0.001328051607330627,0.7126634187903753,9.860599918365478,12.84935001373291,Apr,8.974285625276112,9.860599918365478,9.059523741404215,9.915599927902221,0
2024-04-17,7.28000020980835,7.789999961853027,7.264999866485596,7.550000190734863,4039000,-0.03191486326155479,0.691413925152996,9.808799924850463,12.818100016117096,Apr,8.86666658946446,9.808799924850463,8.974285625276112,9.860599918365478,0
2024-04-18,7.369999885559082,7.590000152587891,7.139999866485596,7.28000020980835,4138700,0.012362592466615085,0.6654449767068806,9.74739993095398,12.787450015544891,Apr,8.777618975866408,9.74739993095398,8.86666658946446,9.808799924850463,0
2024-04-19,7.090000152587891,7.340000152587891,6.980000019073486,7.210000038146973,4877800,-0.037991823245456025,0.5862952951209507,9.680999937057495,12.752300016880035,Apr,8.659047558194114,9.680999937057495,8.777618975866408,9.74739993095398,0
2024-04-22,7.489999771118164,7.614999771118164,7.119999885559082,7.179999828338623,6174900,0.05641743440361857,0.6203513593481325,9.612799940109253,12.72330001592636,Apr,8.567142781757173,9.612799940109253,8.659047558194114,9.680999937057495,0
2024-04-23,7.96999979019165,8.210000038146973,7.53000020980835,7.550000190734863,6747600,0.06408545176788816,0.6060389195018793,9.548999938964844,12.696750016212464,Apr,8.499523707798549,9.548999938964844,8.567142781757173,9.612799940109253,0
2024-04-24,8.199999809265137,8.369999885559082,8.010000228881836,8.15999984741211,5987300,0.028858221471541157,0.6132016059473252,9.480599937438965,12.667600016593934,Apr,8.43523797534761,9.480599937438965,8.499523707798549,9.548999938964844,0
2024-04-25,8.180000305175781,8.229999542236328,7.840000152587891,7.889999866485596,3453500,-0.002438963970067154,0.6106196088980101,9.43339994430542,12.639200019836426,Apr,8.390952291942778,9.43339994430542,8.43523797534761,9.480599937438965,0
2024-04-26,8.970000267028809,8.970000267028809,8.154999732971191,8.220000267028809,6782500,0.09657700884841858,0.6650891595826817,9.39419994354248,12.610450019836426,Apr,8.363333247956776,9.39419994354248,8.390952291942778,9.43339994430542,0
2024-04-29,8.920000076293945,9.149999618530273,8.819999694824219,8.960000038146973,5880000,-0.005574157106622346,0.6642921266521687,9.352399940490722,12.582750020027161,Apr,8.312380881536575,9.352399940490722,8.363333247956776,9.39419994354248,0
2024-04-30,8.550000190734863,8.798999786376953,8.520000457763672,8.729999542236328,3785200,-0.041479807443321026,0.6700726746094876,9.306999950408935,12.55775002002716,Apr,8.243809472946893,9.306999950408935,8.312380881536575,9.352399940490722,0
2024-05-01,8.75,9.21500015258789,8.449999809265137,8.489999771118164,3702000,0.02339179003549785,0.6685372769792258,9.269599952697753,12.527000021934509,May,8.214761870247978,9.269599952697753,8.243809472946893,9.306999950408935,0
2024-05-02,9.0,9.140000343322754,8.65999984741211,9.09000015258789,4342700,0.02857142857142847,0.6649162609496203,9.236999950408936,12.493450021743774,May,8.199523789542061,9.236999950408936,8.214761870247978,9.269599952697753,0
2024-05-03,8.9399995803833,9.3100004196167,8.90999984741211,9.25,3924300,-0.006666713290744308,0.6635220353510024,9.195999946594238,12.460550017356873,May,8.190952346438454,9.195999946594238,8.199523789542061,9.236999950408936,0
2024-05-06,9.279999732971191,9.329999923706055,9.140000343322754,9.170000076293945,7959600,0.038031338763587774,0.6729725669472973,9.168599948883056,12.432350015640258,May,8.194285665239606,9.168599948883056,8.190952346438454,9.195999946594238,0
2024-05-07,8.630000114440918,9.189000129699707,8.619999885559082,9.15999984741211,6884400,-0.0700430643570894,0.701089624529942,9.116399955749511,12.403400015830993,May,8.206666628519693,9.116399955749511,8.194285665239606,9.168599948883056,0
2024-05-08,8.779999732971191,8.795000076293945,8.479999542236328,8.600000381469727,4531500,0.017381183840226466,0.6908070072274352,9.060599956512451,12.375350012779236,May,8.2247618720645,9.060599956512451,8.206666628519693,9.116399955749511,0
2024-05-09,9.199999809265137,9.470000267028809,8.630000114440918,9.050000190734863,6360700,0.04783600103274899,0.6905253739908198,9.019399948120117,12.345250010490417,May,8.281904720124745,9.019399948120117,8.2247618720645,9.060599956512451,0
2024-05-10,8.710000038146973,9.3100004196167,8.609999656677246,9.210000038146973,3888600,-0.05326084579096346,0.6925381510152154,8.986399955749512,12.307850008010865,May,8.304285685221354,8.986399955749512,8.281904720124745,9.019399948120117,0
2024-05-13,8.770000457763672,9.234999656677246,8.670000076293945,8.789999961853027,4937600,0.006888681900564464,0.693140034827469,8.948599967956543,12.274050011634827,May,8.339523814973377,8.948599967956543,8.304285685221354,8.986399955749512,0
2024-05-14,9.220000267028809,9.414999961853027,8.960000038146973,8.960000038146973,6765400,0.05131126405663666,0.686838302267904,8.93119997024536,12.230500011444091,May,8.420000008174352,8.93119997024536,8.339523814973377,8.948599967956543,0
2024-05-15,9.0,9.5600004196167,8.880000114440918,9.460000038146973,4588600,-0.02386119963743827,0.690335060857714,8.92379997253418,12.179250011444092,May,8.490476199558803,8.92379997253418,8.420000008174352,8.93119997024536,0
2024-05-16,8.710000038146973,9.020000457763672,8.699999809265137,8.970000267028809,3187000,-0.032222217983669754,0.6939043670786527,8.89959997177124,12.123500008583068,May,8.55857142947969,8.89959997177124,8.490476199558803,8.92379997253418,0
2024-05-17,8.779999732971191,8.90999984741211,8.649999618530273,8.8100004196167,2834700,0.00803670430742165,0.6936843627172657,8.857199974060059,12.075750007629395,May,8.625714279356457,8.857199974060059,8.55857142947969,8.89959997177124,0
2024-05-20,8.880000114440918,9.005000114440918,8.722999572753906,8.8100004196167,3894800,0.011389565434062554,0.6388916865956592,8.818599967956542,12.028700003623962,May,8.71095237277803,8.818599967956542,8.625714279356457,8.857199974060059,0
2024-05-21,8.479999542236328,8.859000205993652,8.359999656677246,8.84000015258789,4747000,-0.045045108901980435,0.6537154949721647,8.792399959564209,11.984150004386901,May,8.758095219021751,8.792399959564209,8.71095237277803,8.818599967956542,0
2024-05-22,8.600000381469727,8.854999542236328,8.460000038146973,8.489999771118164,3189600,0.014151043126324536,0.6380124903960018,8.766999969482422,11.94925000667572,May,8.78809524717785,8.766999969482422,8.758095219021751,8.792399959564209,1
2024-05-23,8.319999694824219,8.739999771118164,8.270000457763672,8.6899995803833,3948400,-0.03255821793320157,0.6409256388571921,8.740799961090088,11.914200005531312,May,8.79380952744257,8.740799961090088,8.78809524717785,8.766999969482422,0
2024-05-24,8.430000305175781,8.555999755859375,8.369999885559082,8.4399995803833,2592500,0.013221227690668469,0.6367756914720107,8.7253999710083,11.8839000082016,May,8.80571428934733,8.7253999710083,8.79380952744257,8.740799961090088,0
2024-05-28,8.279999732971191,8.479999542236328,8.180000305175781,8.420000076293945,3529900,-0.017793661539074135,0.6100160326045424,8.704799957275391,11.854350008964538,May,8.772857121058873,8.704799957275391,8.80571428934733,8.7253999710083,0
2024-05-29,8.140000343322754,8.21500015258789,8.03499984741211,8.100000381469727,3103200,-0.01690813939171476,0.612836150604821,8.676799964904784,11.816500010490417,May,8.735714276631674,8.676799964904784,8.772857121058873,8.704799957275391,0
2024-05-30,8.399999618530273,8.470000267028809,8.170000076293945,8.25,3281900,0.031940941553005864,0.6088304145963904,8.659999961853027,11.784100008010864,May,8.728571392240978,8.659999961853027,8.735714276631674,8.676799964904784,0
2024-05-31,8.149999618530273,8.619999885559082,8.09000015258789,8.510000228881836,3052900,-0.02976190611348406,0.6168844424060536,8.631399955749512,11.747050004005432,May,8.699999945504326,8.631399955749512,8.728571392240978,8.659999961853027,0
2024-06-03,7.78000020980835,8.319999694824219,7.769999980926514,8.289999961853027,4488800,-0.04539870258161405,0.6216296081144569,8.5985999584198,11.717500007152557,Jun,8.64190471739996,8.5985999584198,8.699999945504326,8.631399955749512,0
2024-06-04,7.710000038146973,7.909999847412109,7.670000076293945,7.78000020980835,3448000,-0.008997451127716771,0.602154230407845,8.564999952316285,11.691000006198884,Jun,8.583333310626802,8.564999952316285,8.64190471739996,8.5985999584198,0
2024-06-05,7.929999828338623,7.96999979019165,7.699999809265137,7.880000114440918,3083100,0.02853434359314555,0.5784752999700279,8.532599945068359,11.663550004959106,Jun,8.519047600882393,8.532599945068359,8.583333310626802,8.564999952316285,-1
2024-06-06,7.829999923706055,7.869999885559082,7.699999809265137,7.860000133514404,2526400,-0.012610328726011977,0.5732535781160073,8.506999950408936,11.630600004196166,Jun,8.480952353704543,8.506999950408936,8.519047600882393,8.532599945068359,0
2024-06-07,7.860000133514404,8.119999885559082,7.670000076293945,7.710000038146973,3649300,0.003831444457300881,0.5733964835413626,8.473199949264526,11.595300004482269,Jun,8.437142848968506,8.473199949264526,8.480952353704543,8.506999950408936,0
2024-06-10,8.220000267028809,8.305000305175781,7.739999771118164,7.800000190734863,3626200,0.04580154292611183,0.514388977283824,8.437799959182739,11.555900003910065,Jun,8.390476204100109,8.437799959182739,8.437142848968506,8.473199949264526,0
2024-06-11,7.869999885559082,8.130000114440918,7.809999942779541,8.079999923706055,3125400,-0.04257912045010637,0.5273926508043428,8.395399961471558,11.522150003910065,Jun,8.35047619683402,8.395399961471558,8.390476204100109,8.437799959182739,0
2024-06-12,7.949999809265137,8.369999885559082,7.929999828338623,8.15999984741211,4556300,0.01016517469750533,0.5163083504769871,8.367199964523316,11.48855000257492,Jun,8.311428546905518,8.367199964523316,8.35047619683402,8.395399961471558,0
2024-06-13,7.710000038146973,8.130000114440918,7.590000152587891,8.0,4324500,-0.030188651179395287,0.516847323282003,8.33499997138977,11.450750000476837,Jun,8.23952377410162,8.33499997138977,8.311428546905518,8.367199964523316,0
2024-06-14,7.699999809265137,7.764999866485596,7.556000232696533,7.590000152587891,2994100,-0.001297046541161806,0.5078154434823365,8.30659996986389,11.406749999523162,Jun,8.177619003114247,8.30659996986389,8.23952377410162,8.33499997138977,0
2024-06-17,7.559999942779541,7.639999866485596,7.295000076293945,7.610000133514404,5442800,-0.018181801292662225,0.5092996340288278,8.273599967956542,11.358949995040893,Jun,8.122857093811035,8.273599967956542,8.177619003114247,8.30659996986389,0
2024-06-18,7.210000038146973,7.409999847412109,7.184000015258789,7.329999923706055,4767600,-0.04629628403196595,0.5059131222159173,8.250399971008301,11.30904999256134,Jun,8.04809520358131,8.250399971008301,8.122857093811035,8.273599967956542,0
2024-06-20,6.800000190734863,7.114999771118164,6.769999980926514,7.099999904632568,7648000,-0.05686544316821984,0.4931238800570635,8.218399982452393,11.255499992370606,Jun,7.949047588166737,8.218399982452393,8.04809520358131,8.250399971008301,0
2024-06-21,6.760000228881836,6.809999942779541,6.329999923706055,6.739999771118164,8500600,-0.00588234716633218,0.48752437825069456,8.19359998703003,11.194449996948242,Jun,7.8671428589593795,8.19359998703003,7.949047588166737,8.218399982452393,0
2024-06-24,6.760000228881836,7.090000152587891,6.659999847412109,6.840000152587891,4598500,0.0,0.4585837427934308,8.163999996185304,11.130349998474122,Jun,7.779523804074242,8.163999996185304,7.8671428589593795,8.19359998703003,0
2024-06-25,6.590000152587891,6.840000152587891,6.579999923706055,6.829999923706055,3519300,-0.02514793942870397,0.44239207699414984,8.135200004577637,11.07585000038147,Jun,7.6971428734915595,8.135200004577637,7.779523804074242,8.163999996185304,0
2024-06-26,6.730000019073486,6.764999866485596,6.53000020980835,6.630000114440918,4537400,0.02124428880788698,0.44874865209403186,8.11920000076294,11.012799999713899,Jun,7.61619047891526,8.11920000076294,7.6971428734915595,8.135200004577637,0
2024-06-27,7.099999904632568,7.150000095367432,6.659999847412109,6.800000190734863,4772300,0.05497769457807822,0.4530927139130655,8.110799999237061,10.949899997711181,Jun,7.560000010899135,8.110799999237061,7.61619047891526,8.11920000076294,0
2024-06-28,7.03000020980835,7.190000057220459,6.840000152587891,7.179999828338623,13443600,-0.009859112079500965,0.450718834612745,8.10579999923706,10.888500001430511,Jun,7.507142861684163,8.10579999923706,7.560000010899135,8.110799999237061,0
2024-07-01,6.840000152587891,7.119999885559082,6.789999961853027,7.070000171661377,3906100,-0.02702703435988074,0.44851982586982214,8.095200004577636,10.829249999523164,Jul,7.432857172829764,8.095200004577636,7.507142861684163,8.10579999923706,0
2024-07-02,7.139999866485596,7.179999828338623,6.840000152587891,6.840000152587891,3466700,0.04385960631655861,0.4708583269055195,8.09619999885559,10.774799995422363,Jul,7.384761946541922,8.09619999885559,7.432857172829764,8.095200004577636,0
2024-07-03,7.170000076293945,7.315000057220459,7.065000057220459,7.139999866485596,2206100,0.004201710135761649,0.46894983147992586,8.089800004959107,10.725249996185303,Jul,7.355714321136475,8.089800004959107,7.384761946541922,8.09619999885559,0
2024-07-05,7.409999847412109,7.609000205993652,7.0929999351501465,7.199999809265137,4368000,0.03347277106895308,0.46834929783429285,8.078600006103516,10.681499996185302,Jul,7.3414285977681475,8.078600006103516,7.355714321136475,8.089800004959107,0
2024-07-08,7.670000076293945,7.800000190734863,7.494999885559082,7.519999980926514,5026500,0.03508775090901506,0.47922998268403827,8.068000011444092,10.640949997901917,Jul,7.329047657194591,8.068000011444092,7.3414285977681475,8.078600006103516,0
2024-07-09,7.929999828338623,7.945000171661377,7.449999809265137,7.690000057220459,4133400,0.03389827241961463,0.48274728593328187,8.063000001907348,10.606599996089935,Jul,7.33380955741519,8.063000001907348,7.329047657194591,8.068000011444092,0
2024-07-10,8.449999809265137,8.460000038146973,7.760000228881836,7.929999828338623,6353800,0.06557376950605254,0.5187918740994939,8.052599992752075,10.581199996471405,Jul,7.361904780069987,8.052599992752075,7.33380955741519,8.063000001907348,0
2024-07-11,8.020000457763672,8.770000457763672,7.78000020980835,8.404999732971191,9838400,-0.05088749836774964,0.5375126432943947,8.03460000038147,10.554900000095367,Jul,7.35238097962879,8.03460000038147,7.361904780069987,8.052599992752075,0
2024-07-12,8.449999809265137,8.449999809265137,8.0,8.170000076293945,5800900,0.05361587617930974,0.5573148543448788,8.032599992752075,10.530099999904632,Jul,7.380000023614793,8.032599992752075,7.35238097962879,8.03460000038147,0
2024-07-15,8.949999809265137,9.03499984741211,8.454999923706055,8.529999732971191,6298300,0.05917159896876778,0.5753897854046,8.036599988937377,10.509349997043609,Jul,7.42761907123384,8.036599988937377,7.380000023614793,8.032599992752075,0
2024-07-16,9.029999732971191,9.050000190734863,8.630000114440918,9.0,5359700,0.008938539152060887,0.5672637909758426,8.037199983596802,10.483299996852875,Jul,7.490476199558803,8.037199983596802,7.42761907123384,8.036599988937377,0
2024-07-17,8.5600004196167,8.90999984741211,8.359999656677246,8.680000305175781,4774400,-0.05204865196600017,0.572602137302839,8.02960000038147,10.449149997234345,Jul,7.531428609575544,8.02960000038147,7.490476199558803,8.037199983596802,0
2024-07-18,8.210000038146973,8.84000015258789,8.079999923706055,8.630000114440918,4660900,-0.04088789302715934,0.5861041999218667,8.008200006484985,10.415799996852876,Jul,7.562380995069232,8.008200006484985,7.531428609575544,8.02960000038147,0
2024-07-19,7.429999828338623,8.071000099182129,7.369999885559082,8.069999694824219,6323800,-0.09500611524776537,0.6452666233329112,7.9842000007629395,10.378899993896484,Jul,7.572857175554548,7.9842000007629395,7.562380995069232,8.008200006484985,0
2024-07-22,8.079999923706055,8.079999923706055,7.545000076293945,7.679999828338623,4471300,0.08748319116889869,0.6935148755857274,7.970200004577637,10.349699993133544,Jul,7.633809543791271,7.970200004577637,7.572857175554548,7.9842000007629395,0
2024-07-23,8.300000190734863,8.375,7.909999847412109,7.96999979019165,3943200,0.027227756077490284,0.6973642494283129,7.952200012207031,10.317349991798402,Jul,7.707142875308082,7.952200012207031,7.633809543791271,7.970200004577637,0
2024-07-24,7.619999885559082,8.359999656677246,7.619999885559082,8.140000343322754,4827500,-0.08192774572883177,0.7264970189545953,7.9304000091552735,10.28199999332428,Jul,7.748095239911761,7.9304000091552735,7.707142875308082,7.952200012207031,0
2024-07-25,7.929999828338623,8.154999732971191,7.480000019073486,7.570000171661377,4338900,0.04068240779990462,0.7256693988862937,7.913599996566773,10.245199992656708,Jul,7.811904748280843,7.913599996566773,7.748095239911761,7.9304000091552735,0
2024-07-26,8.210000038146973,8.270000457763672,7.820000171661377,8.119999885559082,4307800,0.03530898056362397,0.7319793206792761,7.893399991989136,10.213049991130829,Jul,7.882380939665294,7.893399991989136,7.811904748280843,7.913599996566773,0
2024-07-29,7.889999866485596,8.4399995803833,7.800000190734863,8.34000015258789,3420300,-0.038976878218578204,0.7357820742485137,7.871199989318848,10.172499990463256,Jul,7.91999998546782,7.871199989318848,7.882380939665294,7.893399991989136,1
2024-07-30,7.800000190734863,8.0,7.610000133514404,7.940000057220459,3040900,-0.011406803203257931,0.7367364547288056,7.852999992370606,10.133049993515014,Jul,7.956666651226225,7.852999992370606,7.91999998546782,7.871199989318848,0
2024-07-31,8.149999618530273,8.46500015258789,7.920000076293945,7.980000019073486,4221400,0.04487172041497556,0.7447368945881682,7.840399990081787,10.097749991416931,Jul,8.019047578175863,7.840399990081787,7.956666651226225,7.852999992370606,0
2024-08-01,7.519999980926514,8.100000381469727,7.380000114440918,8.029999732971191,4867100,-0.07730057264927459,0.7678428242749897,7.813199987411499,10.063899991512299,Aug,8.037142821720668,7.813199987411499,8.019047578175863,7.840399990081787,0
2024-08-02,7.079999923706055,7.264999866485596,6.945000171661377,7.010000228881836,5137400,-0.05851064605538048,0.7689629845033017,7.785199995040894,10.027249991893768,Aug,8.032857100168863,7.785199995040894,8.037142821720668,7.813199987411499,0
2024-08-05,6.570000171661377,6.929999828338623,6.21999979019165,6.269999980926514,7189400,-0.07203386405938217,0.7985548655464557,7.744599990844726,9.98819999217987,Aug,7.992857115609305,7.744599990844726,8.032857100168863,7.785199995040894,0
2024-08-06,7.210000038146973,7.349999904632568,6.585000038146973,6.840000152587891,6742100,0.09741245810709875,0.846707742067959,7.7223999977111815,9.95579999446869,Aug,7.9709523518880205,7.7223999977111815,7.992857115609305,7.744599990844726,0
2024-08-07,6.800000190734863,7.369999885559082,6.78000020980835,7.340000152587891,6279100,-0.05686544316821984,0.8609149037970173,7.689799995422363,9.92244999408722,Aug,7.91714284533546,7.689799995422363,7.9709523518880205,7.7223999977111815,0
2024-08-08,7.110000133514404,7.28000020980835,6.894999980926514,7.239999771118164,6603600,0.04558822560062903,0.8683852260884051,7.666400003433227,9.895049993991853,Aug,7.8533333369663785,7.666400003433227,7.91714284533546,7.689799995422363,0
2024-08-09,7.119999885559082,7.519999980926514,6.940000057220459,7.199999809265137,4208100,0.0014064348603233245,0.8544442470991312,7.645999994277954,9.867449991703033,Aug,7.810476166861398,7.645999994277954,7.8533333369663785,7.666400003433227,0
2024-08-12,6.71999979019165,7.210000038146973,6.679999828338623,7.130000114440918,4990200,-0.05617978957818792,0.8701977182801643,7.612399997711182,9.845999989509583,Aug,7.7280952135721845,7.612399997711182,7.810476166861398,7.645999994277954,0
2024-08-13,7.28000020980835,7.320000171661377,6.775000095367432,6.849999904632568,4266400,0.08333339837808662,0.8987736787935209,7.595000009536744,9.830399992465972,Aug,7.648571423121861,7.595000009536744,7.7280952135721845,7.612399997711182,0
2024-08-14,7.309999942779541,7.440000057220459,7.059999942779541,7.380000114440918,3273800,0.004120842322335783,0.8906626441112673,7.585600004196167,9.817349991798402,Aug,7.566666671207973,7.585600004196167,7.648571423121861,7.595000009536744,-1
2024-08-15,7.420000076293945,7.659999847412109,7.389999866485596,7.429999828338623,3579600,0.01504789799937778,0.8914170207827787,7.5798000049591066,9.803749990463256,Aug,7.512380940573556,7.5798000049591066,7.566666671207973,7.585600004196167,0
2024-08-16,7.28000020980835,7.53000020980835,7.239999771118164,7.360000133514404,2604200,-0.01886790634044322,0.8886057887652234,7.566800012588501,9.792649991512299,Aug,7.468095234462193,7.566800012588501,7.512380940573556,7.5798000049591066,0
2024-08-19,7.289999961853027,7.329999923706055,7.130000114440918,7.320000171661377,2608100,0.0013735922742426077,0.882696692713307,7.55600001335144,9.78089998960495,Aug,7.461428574153355,7.55600001335144,7.468095234462193,7.566800012588501,0
2024-08-20,7.210000038146973,7.364999771118164,7.080999851226807,7.269999980926514,2536500,-0.010973926491725239,0.8771998284210739,7.543000011444092,9.765849988460541,Aug,7.420000008174351,7.543000011444092,7.461428574153355,7.55600001335144,0
2024-08-21,7.769999980926514,7.789999961853027,7.25,7.300000190734863,4247300,0.07766989456541884,0.8859170728386656,7.534000005722046,9.74899998664856,Aug,7.394761902945382,7.534000005722046,7.420000008174351,7.543000011444092,0
2024-08-22,7.309999942779541,7.752999782562256,7.300000190734863,7.699999809265137,3946800,-0.05920206425690633,0.8902792026633242,7.522800006866455,9.727649986743927,Aug,7.380000000908261,7.522800006866455,7.394761902945382,7.534000005722046,0
2024-08-23,7.380000114440918,7.679999828338623,7.34499979019165,7.369999885559082,4239900,0.009575946950658887,0.8755882711335019,7.511400012969971,9.708499987125396,Aug,7.353809538341704,7.511400012969971,7.380000000908261,7.522800006866455,0
2024-08-26,7.510000228881836,7.650000095367432,7.389999866485596,7.5,3604500,0.017615191385504048,0.8580419070706525,7.507400016784668,9.688699986934662,Aug,7.320476214090983,7.507400016784668,7.353809538341704,7.511400012969971,0
2024-08-27,7.28000020980835,7.46999979019165,7.099999904632568,7.409999847412109,3729100,-0.03062583383006512,0.8603493347835197,7.499000024795532,9.668049988746644,Aug,7.2914286113920665,7.499000024795532,7.320476214090983,7.507400016784668,0
2024-08-28,7.010000228881836,7.349999904632568,6.909999847412109,7.260000228881836,3713900,-0.03708790839906051,0.8544235519186673,7.488000030517578,9.64694999217987,Aug,7.253809565589542,7.488000030517578,7.2914286113920665,7.499000024795532,0
2024-08-29,7.320000171661377,7.539999961853027,7.179999828338623,7.230000019073486,3114600,0.04422252962308226,0.859159621967162,7.490200033187866,9.630249993801117,Aug,7.214285782405308,7.490200033187866,7.253809565589542,7.488000030517578,0
2024-08-30,7.420000076293945,7.539999961853027,7.329999923706055,7.440000057220459,2892200,0.013661188837086113,0.8139142855150745,7.502600030899048,9.609599993228912,Aug,7.20952388218471,7.502600030899048,7.214285782405308,7.490200033187866,0
2024-09-03,6.960000038146973,7.364999771118164,6.940000057220459,7.300000190734863,4483800,-0.06199461366808068,0.7912333033622074,7.5066000270843505,9.58094999551773,Sep,7.203809601919992,7.5066000270843505,7.20952388218471,7.502600030899048,0
2024-09-04,7.010000228881836,7.139999866485596,6.78000020980835,6.889999866485596,3324600,0.007183935411037012,0.786530324674477,7.51160002708435,9.55104999780655,Sep,7.224761985597157,7.51160002708435,7.203809601919992,7.5066000270843505,0
2024-09-05,7.039999961853027,7.239999771118164,6.980000019073486,7.03000020980835,2062300,0.004279562338327825,0.7516290651080831,7.520600023269654,9.525249998569489,Sep,7.216666743868873,7.520600023269654,7.224761985597157,7.51160002708435,0
2024-09-06,6.800000190734863,7.110000133514404,6.710000038146973,7.059999942779541,3790000,-0.03409087676400968,0.7463392075291104,7.522000026702881,9.495750000476837,Sep,7.216666743868873,7.522000026702881,7.216666743868873,7.520600023269654,0
2024-09-09,6.619999885559082,7.0,6.550000190734863,6.949999809265137,4046600,-0.026470632371604186,0.7394764322629019,7.512400026321411,9.464599997997285,Sep,7.193333398728144,7.512400026321411,7.216666743868873,7.522000026702881,0
2024-09-10,6.900000095367432,6.96999979019165,6.539999961853027,6.699999809265137,3811300,0.042296104931836,0.7455755726465177,7.509800024032593,9.437649998664856,Sep,7.182857218242827,7.509800024032593,7.193333398728144,7.512400026321411,0
2024-09-11,7.230000019073486,7.309999942779541,6.800000190734863,6.869999885559082,4276200,0.04782607523840654,0.7596779282117496,7.517600021362305,9.411699998378754,Sep,7.207142943427677,7.517600021362305,7.182857218242827,7.509800024032593,0
2024-09-12,7.380000114440918,7.429999828338623,7.091000080108643,7.210000038146973,4543300,0.0207469011025887,0.750059259526713,7.522400026321411,9.386800000667572,Sep,7.211904843648274,7.522400026321411,7.207142943427677,7.517600021362305,0
2024-09-13,7.760000228881836,7.829999923706055,7.400000095367432,7.400000095367432,4402200,0.05149052961359013,0.7306751996643465,7.534200029373169,9.365099999904633,Sep,7.233333428700765,7.534200029373169,7.211904843648274,7.522400026321411,0
2024-09-16,7.820000171661377,7.860000133514404,7.400000095367432,7.699999809265137,4029800,0.007731951161061623,0.7078195311230835,7.542400035858154,9.343150000572205,Sep,7.2523810522896905,7.542400035858154,7.233333428700765,7.534200029373169,0
2024-09-17,8.119999885559082,8.25,7.869999885559082,7.920000076293945,4870500,0.03836313392739599,0.6760024559640526,7.551400032043457,9.321350002288819,Sep,7.292381036849249,7.551400032043457,7.2523810522896905,7.542400035858154,0
2024-09-18,7.829999923706055,8.270000457763672,7.763999938964844,8.079999923706055,5114900,-0.03571428151972933,0.6315631700602442,7.549400033950806,9.299350004196167,Sep,7.3180953207470125,7.549400033950806,7.292381036849249,7.551400032043457,0
2024-09-19,7.71999979019165,8.178999900817871,7.639999866485596,8.130000114440918,4509100,-0.014048548478444944,0.6077339961664834,7.534800033569336,9.26990000486374,Sep,7.342381023225331,7.534800033569336,7.3180953207470125,7.549400033950806,0
2024-09-20,8.220000267028809,8.25,7.739999771118164,7.789999961853027,6914800,0.06476690290489584,0.6212712820932059,7.538800029754639,9.242200005054475,Sep,7.363809608277821,7.538800029754639,7.342381023225331,7.534800033569336,0
2024-09-23,8.010000228881836,8.519000053405762,7.980000019073486,8.229999542236328,5432400,-0.025547449066309902,0.6277233775622268,7.530000038146973,9.217200005054474,Sep,7.397142955235073,7.530000038146973,7.363809608277821,7.538800029754639,0
2024-09-24,8.119999885559082,8.270000457763672,7.78000020980835,8.079999923706055,4222800,0.013732790703378184,0.6009518769653632,7.5134000396728515,9.192950003147125,Sep,7.432381039574032,7.5134000396728515,7.397142955235073,7.530000038146973,0
2024-09-25,7.590000152587891,8.09000015258789,7.500999927520752,8.079999923706055,5402000,-0.06527090399517899,0.591215968999057,7.484600048065186,9.164900004863739,Sep,7.436190559750512,7.484600048065186,7.432381039574032,7.5134000396728515,0
2024-09-26,8.0600004196167,8.09000015258789,7.585000038146973,7.789999961853027,4472700,0.061923617599474845,0.6161753017560938,7.474600048065185,9.136750009059906,Sep,7.473333426884243,7.474600048065185,7.436190559750512,7.484600048065186,0
2024-09-27,9.710000038146973,10.0,8.579999923706055,8.899999618530273,45245500,0.20471458221198713,0.8475308008516612,7.5046000480651855,9.120050008296966,Sep,7.601904846373058,7.5046000480651855,7.473333426884243,7.474600048065185,1
2024-09-30,8.739999771118164,10.109999656677246,8.579999923706055,9.760000228881836,19954400,-0.09989704049619352,0.9025235537415579,7.530800046920777,9.099950006008148,Sep,7.66952387491862,7.530800046920777,7.601904846373058,7.5046000480651855,0
2024-10-01,8.170000076293945,8.970000267028809,8.039999961853027,8.890000343322754,12275500,-0.06521735809511298,0.9268294630413357,7.532600049972534,9.073650004863739,Oct,7.705238160632906,7.532600049972534,7.66952387491862,7.530800046920777,0
2024-10-02,9.199999809265137,9.300000190734863,7.989999771118164,8.09000015258789,13016500,0.12607095757071485,0.9888398704552286,7.55060004234314,9.045850002765656,Oct,7.811904816400437,7.55060004234314,7.705238160632906,7.532600049972534,0
2024-10-03,9.25,9.359999656677246,8.789999961853027,9.020000457763672,8820100,0.005434803453420622,0.9677954222063375,7.583200044631958,9.017450001239776,Oct,7.918571472167969,7.583200044631958,7.811904816400437,7.55060004234314,0
2024-10-04,9.3100004196167,9.5,9.140000343322754,9.399999618530273,7485300,0.006486531850453892,0.9469263029053143,7.61080005645752,8.991150004863739,Oct,8.026666732061477,7.61080005645752,7.918571472167969,7.583200044631958,0
2024-10-07,9.069999694824219,9.609999656677246,8.854999542236328,9.489999771118164,8757000,-0.025778809234721978,0.9525066999117302,7.628000049591065,8.96490000486374,Oct,8.134761946541923,7.628000049591065,8.026666732061477,7.61080005645752,0
2024-10-08,9.550000190734863,9.664999961853027,8.970000267028809,9.020000457763672,8995000,0.052921776412468535,0.9608830914406769,7.66120005607605,8.9457000041008,Oct,8.274285770597912,7.66120005607605,8.134761946541923,7.628000049591065,0
2024-10-09,9.539999961853027,9.739999771118164,9.270000457763672,9.59000015258789,6781800,-0.001047144364618724,0.9538850382272546,7.696000051498413,8.9244500041008,Oct,8.400000049954368,7.696000051498413,8.274285770597912,7.66120005607605,0
2024-10-10,9.8100004196167,9.84000015258789,9.098999977111816,9.3100004196167,9533300,0.02830193488923527,0.9441821577007783,7.729200067520142,8.90530000448227,Oct,8.522857211884999,7.729200067520142,8.400000049954368,7.696000051498413,0
2024-10-11,10.65999984741211,10.720000267028809,9.619999885559082,9.65999984741211,11705900,0.08664621727188693,0.9642043428979976,7.792000064849853,8.89100000143051,Oct,8.679047675359817,7.792000064849853,8.522857211884999,7.729200067520142,0
2024-10-14,10.84000015258789,11.0,10.329999923706055,10.699999809265137,10807600,0.016885582340742555,0.9642305804772557,7.86720006942749,8.879150002002715,Oct,8.825714338393439,7.86720006942749,8.679047675359817,7.792000064849853,0
2024-10-15,10.489999771118164,11.3100004196167,10.359999656677246,10.710000038146973,12716400,-0.032287857614667015,0.9474702140240073,7.945600061416626,8.865450003147124,Oct,8.952857176462809,7.945600061416626,8.825714338393439,7.86720006942749,0
2024-10-16,12.300000190734863,12.345000267028809,10.699999809265137,10.739999771118164,17236200,0.1725453249865767,1.0505899870394055,8.047400064468384,8.865000002384186,Oct,9.151904810042609,8.047400064468384,8.952857176462809,7.945600061416626,0
2024-10-17,12.5,12.670000076293945,11.619999885559082,11.789999961853027,13790400,0.016260146842582035,1.0495136415378965,8.161400060653687,8.866700003147125,Oct,9.374285766056605,8.161400060653687,9.151904810042609,8.047400064468384,0
2024-10-18,13.300000190734863,13.795000076293945,12.5600004196167,12.5600004196167,21236800,0.06400001525878896,1.0429911071085827,8.285200061798095,8.873550002574921,Oct,9.640000070844378,8.285200061798095,9.374285766056605,8.161400060653687,0
2024-10-21,14.760000228881836,15.229999542236328,12.989999771118164,13.220000267028809,29875000,0.10977443738414738,1.0596416931234824,8.43800006866455,8.885950005054474,Oct,9.951428640456427,8.43800006866455,9.640000070844378,8.285200061798095,0
2024-10-22,15.010000228881836,15.289999961853027,13.890000343322754,14.890000343322754,21299200,0.01693766911404304,1.0594539992491723,8.603800077438354,8.901000006198883,Oct,10.28476197378976,8.603800077438354,9.951428640456427,8.43800006866455,0
2024-10-23,14.739999771118164,16.1299991607666,14.069999694824219,14.619999885559082,29995900,-0.01798803821762407,1.0660599973312845,8.753000068664551,8.91150000333786,Oct,10.600000063578287,8.753000068664551,10.28476197378976,8.603800077438354,0
2024-10-24,15.710000038146973,16.139999389648438,14.579999923706055,15.289999961853027,22086500,0.0658073461391393,1.0720770204523904,8.9210000705719,8.92780000448227,Oct,10.986666724795388,8.9210000705719,10.600000063578287,8.753000068664551,0
2024-10-25,16.959999084472656,17.049999237060547,15.710000038146973,15.800000190734863,25259600,0.0795670937804227,1.08056847885789,9.111800050735473,8.952149999141692,Oct,11.410476185026623,9.111800050735473,10.986666724795388,8.9210000705719,0
2024-10-28,17.809999465942383,18.200000762939453,16.549999237060547,17.520000457763672,31529500,0.05011794972606598,1.0804603095128487,9.322400035858154,8.983399994373322,Oct,11.79619044349307,9.322400035858154,11.410476185026623,9.111800050735473,0
2024-10-29,16.739999771118164,17.799999237060547,15.729999542236328,17.5,32312900,-0.060078592190322744,1.1110360798481853,9.511400032043458,9.010099995136262,Oct,12.177142824445452,9.511400032043458,11.79619044349307,9.322400035858154,0
2024-10-30,16.8700008392334,17.545000076293945,15.760000228881836,15.760000228881836,23685200,0.007765894258823458,1.0968785651610578,9.704600048065185,9.039599997997284,Oct,12.591428575061617,9.704600048065185,12.177142824445452,9.511400032043458,0
2024-10-31,15.029999732971191,16.975000381469727,14.755000114440918,16.709999084472656,22506900,-0.10906941403245474,1.1612998738913582,9.849800043106079,9.06049999475479,Oct,12.869047619047619,9.849800043106079,12.591428575061617,9.704600048065185,0
2024-11-01,14.850000381469727,15.505000114440918,14.53499984741211,15.270000457763672,15847000,-0.01197600497002016,1.159733889331076,10.000600051879882,9.081149995326996,Nov,13.13571430387951,10.000600051879882,12.869047619047619,9.849800043106079,0
2024-11-04,14.369999885559082,15.109999656677246,14.149999618530273,14.899999618530273,12424200,-0.0323232648875621,1.162331088834785,10.140400047302245,9.098749992847443,Nov,13.376666659400577,10.140400047302245,13.13571430387951,10.000600051879882,0
2024-11-05,15.350000381469727,15.550000190734863,14.630000114440918,14.789999961853027,12942800,0.06819766901289137,1.1695937673882686,10.297200050354004,9.116899993419647,Nov,13.675714311145601,10.297200050354004,13.376666659400577,10.140400047302245,0
2024-11-06,16.450000762939453,16.829999923706055,15.850000381469727,16.729999542236328,20834500,0.07166126085557822,1.1458852441489418,10.480600061416625,9.140399997234345,Nov,14.004285766964866,10.480600061416625,13.675714311145601,10.297200050354004,0
2024-11-07,22.110000610351562,22.6200008392334,16.290000915527344,16.43000030517578,70733400,0.3440729230945472,1.4647303520666193,10.78260006904602,9.19560000181198,Nov,14.602857226417179,10.78260006904602,14.004285766964866,10.480600061416625,0
2024-11-08,24.790000915527344,25.68000030517578,21.309999465942383,21.690000534057617,64845200,0.12121213166864608,1.4007121036229164,11.132000083923339,9.263150007724763,Nov,15.316190583365303,11.132000083923339,14.602857226417179,10.78260006904602,0
2024-11-11,23.520000457763672,24.489999771118164,21.299999237060547,24.389999389648438,35693700,-0.051230351386078454,1.3666210987036742,11.454000091552734,9.325700008869171,Nov,15.928571564810616,11.454000091552734,15.316190583365303,11.132000083923339,0
2024-11-12,23.010000228881836,25.440000534057617,22.0,22.0,28019200,-0.021683682778734448,1.3440224029337258,11.775000095367432,9.384700009822845,Nov,16.50809537796747,11.775000095367432,15.928571564810616,11.454000091552734,0
2024-11-13,26.760000228881836,27.649999618530273,23.670000076293945,23.8799991607666,41306100,0.1629726189786409,1.3690006952100242,12.170000095367431,9.465050013065339,Nov,17.282857304527646,12.170000095367431,16.50809537796747,11.775000095367432,0
2024-11-14,26.15999984741211,28.049999237060547,24.8700008392334,27.899999618530273,35122500,-0.022421538727124157,1.3773737531129915,12.552400093078614,9.54450001001358,Nov,17.942857288178942,12.552400093078614,17.282857304527646,12.170000095367431,0
2024-11-15,29.139999389648438,29.479999542236328,25.030000686645508,26.290000915527344,37576000,0.11391435625452129,1.390774257516983,12.999200077056885,9.639000008106231,Nov,18.735238211495535,12.999200077056885,17.942857288178942,12.552400093078614,0
2024-11-18,25.229999542236328,28.469999313354492,22.270000457763672,28.149999618530273,54116400,-0.13417981912522203,1.4699936679615635,13.371400070190429,9.713800003528595,Nov,19.30333341870989,13.371400070190429,18.735238211495535,12.999200077056885,0
2024-11-19,27.889999389648438,28.299999237060547,24.8700008392334,25.200000762939453,30086600,0.10543003946389828,1.4822933097778381,13.79120005607605,9.803900001049042,Nov,19.92857147398449,13.79120005607605,19.30333341870989,13.371400070190429,0
2024-11-20,28.860000610351562,30.5,27.42799949645996,27.90999984741211,28874800,0.034779535386549654,1.4772460844706508,14.223800067901612,9.896000006198882,Nov,20.588095301673526,14.223800067901612,19.92857147398449,13.79120005607605,0
2024-11-21,32.779998779296875,33.80099868774414,28.479999542236328,28.799999237060547,43881800,0.13582806950944004,1.5015986693486725,14.731800041198731,10.007850000858307,Nov,21.44714287349156,14.731800041198731,20.588095301673526,14.223800067901612,0
2024-11-22,31.799999237060547,33.06999969482422,30.299999237060547,32.4900016784668,28146300,-0.029896265367016284,1.5114939710915103,15.212600021362304,10.112349998950958,Nov,22.213333311535063,15.212600021362304,21.44714287349156,14.731800041198731,0
2024-11-25,30.8799991607666,35.2400016784668,30.461000442504883,33.93000030517578,31379300,-0.028930820703346183,1.5236699367040092,15.673800001144409,10.21094999551773,Nov,22.876190458025253,15.673800001144409,22.213333311535063,15.212600021362304,0
2024-11-26,30.649999618530273,32.86000061035156,29.700000762939453,30.5,22521800,-0.0074481719069651176,1.5151594003262836,16.124399995803834,10.306099994182587,Nov,23.487619036719913,16.124399995803834,22.876190458025253,15.673800001144409,0
2024-11-27,32.209999084472656,32.369998931884766,28.31999969482422,31.100000381469727,24277900,0.050897209962744716,1.4631305750097603,16.611999979019163,10.414449989795685,Nov,24.224285670689174,16.611999979019163,23.487619036719913,16.124399995803834,0
2024-11-29,36.5,37.279998779296875,31.959999084472656,32.209999084472656,23227400,0.13318848300108788,1.488177740701532,17.187599983215332,10.542299988269805,Nov,25.159047535487584,17.187599983215332,24.224285670689174,16.611999979019163,0
2024-12-02,32.060001373291016,37.0,31.770000457763672,36.540000915527344,28440400,-0.12164379799202696,1.5581051747586452,17.664400005340575,10.647549993991852,Dec,25.96999999455043,17.664400005340575,25.159047535487584,17.187599983215332,0
2024-12-03,32.790000915527344,33.68000030517578,30.81999969482422,31.799999237060547,20329100,0.02276979135891377,1.5417085054274655,18.160000019073486,10.757400000095368,Dec,26.824285734267463,18.160000019073486,25.96999999455043,17.664400005340575,0
2024-12-04,33.41999816894531,34.95000076293945,31.170000076293945,32.68000030517578,17219600,0.019213090449156978,1.5415395777142131,18.665999984741212,10.871399991512298,Dec,27.731428509666806,18.665999984741212,26.824285734267463,18.160000019073486,0
2024-12-05,35.95000076293945,37.63999938964844,32.650001525878906,33.95000076293945,28954000,0.07570325351917817,1.539431869171118,19.233199996948244,10.99799999475479,Dec,28.71238090878441,19.233199996948244,27.731428509666806,18.665999984741212,0
2024-12-06,37.970001220703125,38.44900131225586,34.900001525878906,36.310001373291016,19783600,0.056189163140326626,1.5379788029394696,19.831400012969972,11.132900002002716,Dec,29.73714283534459,19.831400012969972,28.71238090878441,19.233199996948244,0
2024-12-09,34.2400016784668,38.25,34.15999984741211,38.0,22414900,-0.0982354338245991,1.5780987555176487,20.322000045776367,11.250850012302399,Dec,30.314761933826265,20.322000045776367,29.73714283534459,19.831400012969972,0
2024-12-10,32.970001220703125,36.75,32.625,33.0,25017800,-0.037091133046362024,1.5877659928351304,20.806600074768067,11.359500019550323,Dec,30.704285757882253,20.806600074768067,30.314761933826265,20.322000045776367,0
2024-12-11,29.829999923706055,32.9900016784668,28.040000915527344,32.9900016784668,36443900,-0.09523813105063961,1.6073352351667825,21.23980007171631,11.450800020694732,Dec,31.00476192292713,21.23980007171631,30.704285757882253,20.806600074768067,0
2024-12-12,29.989999771118164,32.779998779296875,28.940000534057617,29.360000610351562,21879500,0.005363722689283534,1.6075621763945658,21.65560007095337,11.544450018405914,Dec,31.33714285350981,21.65560007095337,31.00476192292713,21.23980007171631,0
2024-12-13,33.83000183105469,34.03499984741211,29.520000457763672,30.229999542236328,24677300,0.12804275055829217,1.5837172732160023,22.147200107574463,11.661800029277801,Dec,31.673809596470424,22.147200107574463,31.33714285350981,21.65560007095337,0
2024-12-16,41.810001373291016,42.810001373291016,32.38999938964844,32.470001220703125,42539400,0.23588528259880204,1.6838033234031453,22.79720012664795,11.817550036907196,Dec,32.41904776436942,22.79720012664795,31.673809596470424,22.147200107574463,0
2024-12-17,43.84000015258789,43.939998626708984,39.25,41.63999938964844,31560500,0.04855294696530854,1.669804744375675,23.492600135803222,11.986300036907195,Dec,33.11904780069987,23.492600135803222,32.41904776436942,22.79720012664795,0
2024-12-18,37.5,44.9900016784668,37.0,41.650001525878906,37488600,-0.14461679129838323,1.7535620883603238,24.051600131988526,12.1269500374794,Dec,33.70333353678385,24.051600131988526,33.11904780069987,23.492600135803222,0
2024-12-19,37.7599983215332,42.400001525878906,36.540000915527344,40.709999084472656,27705800,0.006933288574218821,1.7520836236066486,24.61600009918213,12.266150028705598,Dec,34.173333485921226,24.61600009918213,33.70333353678385,24.051600131988526,0
2024-12-20,44.41999816894531,47.40999984741211,36.70000076293945,36.959999084472656,47711400,0.17637712244320047,1.5495803512408328,25.3082000541687,12.433750021457673,Dec,34.914285750616166,25.3082000541687,34.173333485921226,24.61600009918213,0
2024-12-23,41.31999969482422,45.5,41.29999923706055,45.33000183105469,27057200,-0.06978835213659129,1.5486439416751818,25.921400051116944,12.58630001783371,Dec,35.32095246087937,25.921400051116944,34.914285750616166,25.3082000541687,0
2024-12-24,44.58000183105469,45.400001525878906,39.84000015258789,41.9900016784668,18418400,0.07889647048179471,1.541332190484253,26.59620008468628,12.760250027179717,Dec,35.92952401297433,26.59620008468628,35.32095246087937,25.921400051116944,0
2024-12-26,48.2400016784668,48.560001373291016,42.560001373291016,44.5,24726600,0.0820995894365919,1.542786147513026,27.35120012283325,12.952100036144257,Dec,36.75619079953148,27.35120012283325,35.92952401297433,26.59620008468628,0
2024-12-27,45.47999954223633,48.25,44.5,46.869998931884766,22491400,-0.057213972640935196,1.5088058683017849,28.01480010986328,13.131350033283233,Dec,37.46238127208891,28.01480010986328,36.75619079953148,27.35120012283325,0
2024-12-30,44.290000915527344,45.790000915527344,41.5099983215332,44.599998474121094,17610900,-0.026165317473318295,1.5098047637598304,28.650600128173828,13.306800038814545,Dec,38.03761945452009,28.650600128173828,37.46238127208891,28.01480010986328,0
2024-12-31,41.77000045776367,45.13999938964844,40.900001525878906,44.52000045776367,15311400,-0.05689772873497956,1.50056678784823,29.220000133514404,13.46910003900528,Dec,38.28857185727074,29.220000133514404,38.03761945452009,28.650600128173828,0
